100
343
269
16
251
277
24
308
299
104
242
323
446
407
210
65
429
413
441
224
253
432
455
461
161
418
279
140
276
410
189
374
495
88
454
428
366
419
471
437
216
56
351
305
324
7
479
66
360
449
151
421
385
361
191
53
430
157
99
323
22
194
209
249
331
449
198
18
365
192
316
133
164
315
251
6
152
268
414
446
191
131
265
334
57
8
389
37
475
143
392
231
324
40
324
287
462
240
231
67
210
393
142
203
64
143
18
351
1
489
11
277
414
69
332
47
407
92
59
323
429
410
175
241
114
374
452
490
3
319
0
405
270
25
160
256
354
307
421
202
440
287
298
289
138
237
207
20
71
393
155
297
49
83
347
16
475
229
135
335
446
176
310
182
164
241
192
88
408
319
104
266
185
161
362
212
457
321
470
17
194
69
291
148
294
203
117
80
164
363
274
18
31
477
111
170
18
320
492
279
241
87
194
40
64
320
173
331
17
67
46
47
456
453
405
431
44
64
200
58
257
192
449
110
258
396
271
179
281
275
289
41
385
455
323
194
148
360
314
406
289
309
218
377
421
496
150
268
407
360
52
225
234
75
32
208
492
255
369
431
20
362
203
33
336
67
459
27
401
348
124
389
301
13
443
488
420
435
386
213
15
109
82
213
246
249
339
284
167
488
253
29
40
328
338
172
202
155
468
223
257
264
256
331
437
338
112
435
54
57
37
35
264
429
338
42
245
489
258
438
297
81
200
277
361
238
258
146
352
151
15
82
334
401
319
326
94
131
205
38
59
299
171
314
339
182
378
269
429
480
321
446
261
317
337
420
218
455
227
259
56
335
230
429
220
99
343
432
422
418
211
257
126
72
236
21
326
490
12
425
224
266
123
115
155
12
285
461
352
167
333
294
304
399
480
483
321
461
9
397
175
162
265
228
404
90
408
258
435
99
496
146
482
498
394
86
279
157
335
408
243
423
135
25
143
251
162
277
115
464
117
367
264
303
412
468
172
361
58
355
225
23
409
56
349
176
92
31
70
286
275
154
114
299
495
90
9
179
223
33
302
411
223
416
105
108
307
384
143
494
76
213
17
445
71
452
198
129
179
262
190
414
438
73
146
374
163
317
306
108
175
429
396
63
283
486
218
111
206
421
