906
249
195
531
1855
701
1169
2015
2575
1401
858
11
2841
1534
1845
1930
1454
516
418
2314
728
2190
1967
2357
1264
2692
2067
655
1956
1658
1090
2366
115
86
1366
1800
182
2239
726
1966
750
192
2958
1701
2852
884
658
2301
2832
324
2912
859
1
2220
713
1241
1109
259
1428
2285
2327
1793
40
103
1811
811
403
2748
1302
1921
2163
2544
54
1401
424
32
2611
661
2557
1366
18
903
2617
2357
1060
876
1902
1131
111
1998
2725
2839
121
2492
484
1584
2948
92
1694
2741
122
2481
1725
187
942
1952
2558
553
140
2755
2657
1295
1327
688
51
2997
142
612
2554
1408
2297
1993
84
1535
1190
1487
804
2156
2418
343
2323
2885
1142
522
1567
642
2568
1480
1146
66
483
500
730
2406
2820
1068
2528
2599
1425
1503
207
2163
1144
2799
795
2002
562
1214
1868
1102
2771
2501
2230
2657
2534
168
2837
786
2617
2405
682
1639
2034
2883
165
1326
2341
1991
1165
1238
1755
1457
724
2240
832
2709
776
1363
393
382
2463
2133
1496
2629
682
2373
2558
2359
1236
1877
1028
1732
2632
46
638
2515
2741
1259
1445
628
1159
911
1311
2334
234
1475
1244
1822
285
1360
2728
2073
2809
802
640
448
2701
1277
2347
1715
2880
2761
2679
1905
1129
2553
2460
2922
1510
2394
857
1735
1576
967
2617
786
551
1297
1793
2751
271
2507
706
1860
1327
11
1029
1165
1737
2885
2600
2103
2051
1745
2259
1223
1713
1613
2751
2099
381
2982
1460
1085
2669
167
1261
2825
2950
2468
1987
1540
2794
2121
338
1619
372
1139
2308
2598
2660
56
1776
2369
75
2242
1999
314
308
1438
2859
1522
1453
171
1116
2114
1162
118
2896
351
2060
139
1397
1271
1426
2197
510
891
1692
1534
2761
815
1216
859
2313
1468
2668
2919
2397
687
790
176
372
2483
355
790
2307
1049
2298
487
2652
2464
140
1959
1332
2839
2027
2101
362
702
2204
1897
527
2085
466
2922
334
1652
2833
1484
1098
114
2675
1974
2502
2986
2794
121
2373
1031
2923
2829
2671
1032
2211
1174
1132
1990
1737
51
2304
826
320
239
2019
2859
1511
1168
1388
2285
2574
2757
1313
206
1087
2645
2718
2803
407
1170
2871
527
2616
1101
1028
2339
2996
651
224
592
1864
772
2197
2609
2410
148
1025
1838
649
1043
2917
2484
744
1191
1199
2528
1862
1865
558
2554
653
309
813
1390
508
347
1495
1453
771
882
637
1234
1579
1052
1974
297
120
2461
1196
714
909
877
1871
2499
482
1381
1432
2787
1283
1678
588
539
2936
556
91
911
565
1610
2108
1506
1437
464
975
1392
2048
2999
422
1588
1462
292
1801
994
526
2339
2044
335
72
2099
1327
1268
532
1183
2291
890
1253
1989
1780
703
1837
1263
1031
1806
269
1656
1257
413
2289
2560
65
136
111
2832
1099
1858
1442
1673
1746
2828
1983
1358
273
1102
1187
1178
2271
2699
119
1612
165
2393
185
1727
652
1917
2936
718
2576
941
2844
1148
851
2703
1487
2842
2871
2040
2340
1426
2364
2294
1803
1712
242
374
1205
385
1356
834
378
2299
865
1794
213
2900
200
699
1449
2382
151
46
2043
119
232
1559
2035
1871
2441
437
1112
1563
606
1177
2582
1303
2317
1008
895
1825
2286
2491
235
2432
221
2182
893
2170
2830
1781
661
1989
2611
1785
787
1765
2461
290
2174
524
2685
759
401
2064
773
1746
430
1007
2712
543
2475
533
658
10
1630
614
2669
991
1829
7
2234
749
1638
1814
2320
948
648
1994
1980
2502
1733
2845
1590
602
148
2373
1515
1771
2231
1042
796
2103
934
2939
522
35
1318
1713
2005
740
673
365
1016
2608
123
2821
1042
2003
1814
801
571
990
2771
1300
800
1145
1694
2814
1038
441
2244
1158
1512
1789
2004
1141
2580
1162
1055
766
1360
1655
2885
977
996
307
437
2735
2188
1793
897
2503
2293
1981
2292
1287
1065
1993
121
1966
2913
201
721
678
846
1317
1248
1240
2747
44
1949
1720
2179
2828
1829
1567
1986
992
2850
54
347
227
2709
1816
2294
969
813
641
1019
1277
146
2011
800
1173
1699
15
1690
2138
2272
2160
1427
2291
637
2227
2609
1136
1028
2130
1623
2228
1614
1040
210
1172
2589
2920
1602
2957
2945
1094
1763
2962
317
2623
487
2626
2157
1340
1825
2400
279
648
1273
2524
147
1979
1783
2567
2704
2200
1894
1292
1452
1417
2782
753
535
386
2542
1189
1709
1371
292
1004
2166
1598
370
1613
60
1889
279
1332
1752
2702
1719
2052
2642
2853
977
2188
1059
2339
2611
2074
2560
2435
1227
278
1765
851
2780
109
2340
1410
1795
2117
2673
1678
2366
1296
467
2666
1240
986
305
996
1587
285
982
2428
602
2652
1314
992
2282
2476
167
972
293
1790
1613
1071
2650
1041
1938
1474
1732
2644
386
985
853
1457
1358
1316
1735
589
828
207
399
1716
331
1188
1671
2746
2729
787
575
2700
1660
1448
191
2141
1145
2850
2099
692
2964
1244
370
2427
1092
1132
461
2034
2050
25
2289
610
2814
2170
1953
350
1526
1874
2556
1891
2429
487
1830
1984
2163
889
349
1096
942
2704
2267
548
1109
350
2290
846
965
2643
1473
1201
1210
1320
2586
2428
388
1339
2124
509
2843
2737
2164
1866
2568
2937
572
2634
2385
2893
1157
2843
184
212
2342
676
1186
2587
512
1642
2087
2170
2781
473
523
2642
149
1832
2560
244
813
2399
1469
77
2652
652
2839
2469
2307
1800
1858
1359
689
297
1779
883
1040
1424
2630
2855
2239
1819
1216
844
165
293
2896
2293
1935
9
679
2978
2886
390
1376
1794
368
980
1077
2599
33
2901
2672
1955
1430
1518
395
2929
1125
124
2965
2503
2172
1524
330
127
5
715
2725
2580
1867
2548
2508
793
2853
2360
417
629
683
2167
912
835
2433
2084
2033
2950
2623
103
348
2386
386
1149
700
1733
2731
1010
138
1733
786
1550
2999
491
935
2380
1669
1532
2476
2455
2539
2193
1130
2952
867
420
2263
2107
601
2291
2969
1448
1930
1553
2058
1565
1014
1719
367
32
1412
1594
271
209
2401
2934
2413
1582
2781
1257
289
2265
746
1914
1409
508
1985
2248
303
1773
2635
1646
248
396
649
836
57
2497
400
1425
1861
2162
52
2180
1527
2778
2368
386
2521
1398
2784
218
2935
1305
1419
1957
235
2567
2376
593
1790
1854
2299
1932
2879
2944
1316
1677
419
2437
925
2542
873
542
1630
2269
1568
2420
735
1458
688
415
609
2324
2410
74
2433
2460
1245
68
738
1539
838
1033
2174
1967
1339
2679
233
2584
1676
2149
1506
2433
534
469
1422
147
894
315
1634
635
1710
149
2381
195
2839
2266
2049
1165
2371
2167
588
60
1389
2348
1335
1157
232
2150
922
619
848
1397
2913
1729
2129
2101
1568
1415
2003
2227
2094
2520
111
2357
2913
170
2736
2356
2022
1428
2400
709
2819
1134
1270
1338
2587
2298
2977
984
1836
1320
2836
394
2865
2199
1518
2154
2367
1952
52
1119
535
956
2454
1587
1375
2558
2627
235
356
547
9
394
2473
2694
2373
2527
909
224
2971
514
1571
29
1259
1534
1123
65
1408
1768
2649
353
1126
181
2799
902
1151
2106
1380
1371
1683
1581
2280
1136
794
1369
1395
2680
2470
855
1817
421
2378
1095
36
2364
809
150
870
1346
2076
2505
1792
2813
876
1600
660
631
168
2534
2180
1765
1011
77
1806
519
550
222
2684
1440
1678
606
2068
2820
1025
1820
1073
2505
2586
1847
139
526
6
1796
602
1745
2258
972
2042
645
1387
444
2867
2616
194
2391
48
2266
1778
30
2490
889
615
1232
2553
26
2525
1388
462
2394
762
259
2120
1730
2201
875
2241
2937
876
1829
364
1851
709
1552
2805
2447
1537
1639
2060
135
969
2821
664
960
2271
25
669
914
2681
316
2713
1969
2581
991
520
1969
1474
2450
2130
2448
2350
2263
1422
2558
2865
157
1654
2792
693
2249
662
1433
121
1910
1178
1105
1689
869
931
1768
1291
416
2413
683
408
680
368
863
1476
942
145
588
420
782
1221
1336
2020
1952
33
2253
1051
33
1969
716
139
950
1923
1552
1232
2416
2767
2032
1525
1035
2670
756
2741
232
139
2769
1285
2667
18
1087
835
1983
2100
991
1034
2724
1020
2818
1078
1291
1385
1045
2606
200
2328
2913
1323
1878
1446
598
947
1385
407
2296
1930
901
654
378
1318
836
153
2006
326
2436
815
566
1102
598
633
1597
145
1715
1643
1975
1708
513
1078
2375
1579
1187
1107
1935
2930
2095
269
1922
2626
1713
2484
502
54
2037
1458
781
609
2874
1155
1882
2878
706
2974
968
2898
2213
1954
1758
2898
133
2631
2175
2661
532
539
1006
2942
1217
2269
2143
161
1610
481
2737
1831
1867
256
2647
1824
2885
2380
1278
2315
450
1421
2920
1861
1293
1859
519
2244
2670
88
2485
1758
2907
2689
72
883
1090
1281
51
2203
1178
874
2831
1862
1650
1737
1730
111
1425
916
2238
2428
2853
3
2577
236
1775
2129
1212
1853
1491
1277
581
601
397
2921
1464
2052
2439
2102
2306
2445
1687
722
117
166
941
1535
2928
1866
2971
1401
2110
1931
781
1532
319
2541
2543
1128
2043
1178
1918
2578
538
762
2358
2784
833
2350
1027
648
1792
1105
2476
2646
535
2413
249
1096
229
2430
1597
735
763
2964
726
2036
2317
242
385
2525
608
1262
2203
1747
98
2661
499
41
1194
1980
123
659
672
2525
1996
1968
943
1148
705
870
231
861
1404
1793
983
669
1597
2775
2976
65
2282
1163
2013
238
1023
1012
407
2094
1454
1569
2372
2516
482
603
2895
2036
1805
2783
2563
2178
194
1534
1377
853
1461
1547
1873
2408
2278
2257
956
357
668
2527
968
2102
2382
2208
341
1049
148
2643
853
1927
1013
28
1025
1642
2202
1317
2702
2569
1431
509
1294
265
1034
1266
570
2553
36
374
2565
2882
1852
772
2788
865
987
2613
650
1059
2818
19
2088
332
1311
2578
2058
1907
287
334
76
1974
1853
2493
259
853
2512
1881
32
1750
51
1593
2807
564
462
406
2486
1988
1738
1702
264
1471
2466
1238
658
2477
2877
1584
1861
2188
2440
2486
1546
1228
399
2546
2924
2734
1796
2381
790
1497
2904
2384
1261
1360
2287
610
1368
1355
2745
1534
2957
2496
1522
2424
621
1631
386
1492
2303
1775
1088
810
2202
744
2330
834
1540
518
1784
129
1408
862
2127
117
1084
1432
1441
1299
2720
2954
97
602
995
309
1740
1307
2999
2229
1459
504
1708
34
1549
1486
1635
2406
1250
1728
2264
1947
2042
1097
923
2218
2955
2078
2264
2402
1505
438
1402
972
1008
1950
2846
2599
2846
101
1867
796
132
2897
648
448
2578
485
782
849
90
464
1365
895
2036
434
1330
753
1905
1245
757
2953
2116
910
1064
1133
634
1167
996
907
2826
1594
2102
864
1768
835
1359
2365
2979
259
913
838
1542
1101
2044
2528
2780
295
761
303
252
1775
1990
2569
412
1399
400
1155
794
2591
935
1877
430
2685
739
460
2731
2627
2196
1597
1812
1317
2951
1433
2155
2261
228
1065
2637
845
1004
607
225
1016
376
2054
2927
2310
1709
904
2973
394
2788
2578
1628
2666
54
357
2090
1891
1068
1124
1193
1710
276
253
877
938
1960
2103
2122
1151
952
1702
1563
1108
1063
1517
1863
1510
2628
456
1734
2174
1055
397
1618
1718
651
2887
193
2168
795
839
566
370
469
2479
503
97
2707
1252
1281
969
2264
216
1623
2527
2583
264
2594
708
1695
1561
1842
286
1580
2762
1675
908
2991
110
2811
789
1909
2320
2399
2694
1524
2115
2389
1863
746
629
2349
2888
88
1208
1312
1973
388
1053
882
2707
2436
1573
2781
358
1398
2973
139
2464
1277
549
324
840
1789
2725
1760
1213
1071
1708
2900
430
1041
15
49
2303
813
379
275
626
2633
2287
213
2535
407
872
1345
177
106
1210
69
1143
601
2040
2954
380
1552
1409
725
2108
2058
1503
1992
1707
91
2045
475
1571
1762
540
740
2617
2963
938
2326
1213
330
808
2045
2645
2164
822
2511
573
1039
1741
1086
2348
1963
240
499
862
2032
2160
1364
1546
1150
3
246
1767
2683
2328
430
2872
1374
714
784
688
1035
1879
1795
2932
2904
1619
2300
44
2892
598
2470
1902
39
2366
2828
407
597
1978
2397
406
1940
2773
606
2736
2476
2883
1733
2233
430
1819
345
765
2181
2337
2383
155
233
2695
2664
1171
395
2279
2630
2372
819
80
429
116
1221
1858
2822
2741
746
2503
2095
2800
362
1249
934
1353
2783
1610
1244
2439
1548
1436
2510
2694
1157
2581
2015
2451
464
1622
1610
2139
1737
1544
2650
1873
1404
2116
772
1978
763
2726
2916
2358
288
2557
757
2997
2764
2969
1693
1043
357
2385
2244
2770
526
649
405
1002
2912
1237
180
2704
2942
1268
1256
1808
2255
2275
1450
872
357
2428
1531
1131
1778
524
2973
1935
986
750
55
444
1443
2671
1180
2904
1553
2207
597
2492
1454
176
1435
557
2046
2327
393
1247
2185
2420
645
1053
98
2455
831
1957
2837
1081
1210
1948
1885
2932
2712
830
2226
1368
539
1775
609
2947
1269
2587
2318
165
2249
1311
2453
149
274
2778
142
1523
513
579
2431
1042
1892
1344
955
1377
938
488
2512
1087
2123
1886
831
2113
20
2282
2308
1090
2472
2022
629
2941
1610
1570
1367
2698
2152
2236
1483
2979
1145
2863
2344
1977
886
2095
514
2856
2942
2559
1345
2732
2412
1623
1052
246
19
373
2588
2119
2522
2350
1405
2063
1987
297
191
2698
5
1297
731
1585
1817
1845
2425
2713
1881
1766
2414
353
1636
2260
434
2757
1559
717
311
378
1422
2963
142
2509
2912
385
1860
221
1799
1210
442
186
766
2558
1754
144
614
2713
2181
44
673
890
265
1921
2968
2733
1648
160
2928
205
972
1546
862
1202
718
274
1476
2139
2606
2668
2987
1792
2108
1285
1960
1758
349
1685
1436
2455
433
2576
915
270
1001
2780
1581
2693
2607
71
1419
1867
589
953
2642
364
183
922
2755
1566
2749
512
2275
2278
41
254
1933
2734
1239
2012
1734
139
25
1087
1993
1806
2986
1998
864
2847
114
752
2828
2137
1120
781
2628
1375
1935
1343
905
1585
2719
708
2994
1434
1868
2339
2099
2680
1372
401
2280
1081
217
2351
136
687
1526
1722
1429
256
878
1702
1591
1949
2169
2879
456
2085
360
526
2394
2181
2807
2333
1789
1182
1586
1311
1173
851
1448
39
2959
2741
1084
1427
1156
2997
1851
772
1774
629
1784
1845
1104
2155
2082
702
1019
1531
1647
1972
954
1504
610
1902
639
2439
2007
815
1366
2633
2279
851
1351
1154
2488
2239
2825
1322
708
970
1442
2152
1449
1906
1059
766
201
2708
1544
301
1295
1100
2374
1454
2370
917
2412
97
2255
981
2876
2582
2382
936
1523
2390
2343
2040
724
2797
1725
2526
459
2022
1992
2135
540
1538
1841
246
1316
2991
2678
1770
136
673
221
2747
1034
1856
1821
271
2729
246
865
2579
2136
891
2518
1560
2887
2599
1691
2820
405
1859
1664
714
2376
1780
246
1135
507
901
2006
2626
549
2976
902
1863
882
504
1431
2991
987
1126
2786
1464
1993
2719
976
2533
1927
2302
537
834
533
1243
1860
206
585
2631
2757
852
312
1283
236
2848
1537
2404
2042
1395
1163
213
351
1803
2837
2426
1759
1627
2739
1932
2307
1418
1489
157
411
538
2559
1418
2545
1095
2988
1384
2705
1417
2423
2236
436
2600
105
2971
2084
1172
1206
2115
386
2974
2635
996
2779
559
393
1855
2329
1739
2287
449
45
16
2750
2763
395
913
1245
1330
286
346
1509
230
2794
1183
1111
201
1184
2613
1818
1542
1387
1013
528
2835
2354
1992
1048
1836
607
1980
1726
2213
2044
2658
94
1860
2357
1968
2889
1721
2344
658
2806
2547
1329
304
1241
2825
290
500
1592
121
1504
2066
338
2544
2697
2540
1403
1903
1337
2977
211
2950
2043
1722
1652
1896
2044
2793
1786
1890
188
1725
1997
193
2062
278
761
1807
2839
434
407
2906
227
402
2428
1225
2618
365
335
604
322
2150
1976
2535
2438
2332
2156
2554
1373
2246
1765
2960
965
49
2926
1834
1773
2759
2477
1760
2450
1478
881
171
2489
2234
1650
514
2548
2064
2839
1926
2144
8
2323
1660
410
2197
1033
1655
1385
2861
1095
1480
1775
168
1119
1739
1810
1463
2639
2687
1479
1290
2362
2897
2966
1581
2520
1510
192
2520
1360
51
1357
1786
2198
2922
2090
2345
920
1868
2495
1265
2586
941
47
1447
185
456
2064
592
645
360
1459
147
2591
977
5
815
2058
2097
2972
914
2086
2126
942
1528
1407
284
1674
1996
2116
1115
1442
2902
260
2163
1184
1697
1819
2005
717
263
873
1600
376
