4352
662
2961
3766
2756
5163
1661
4251
3163
5269
5128
3108
3656
5384
2150
5961
3244
4270
6158
2181
5676
5066
6186
416
674
2757
3399
6030
432
4082
4430
1395
1157
4887
3218
1354
5427
298
1130
4328
3082
3998
2146
2728
1651
5727
1870
5308
3401
3164
5351
4703
2665
6270
5571
2342
6032
1007
4712
3070
679
4786
5521
5491
4083
6399
6048
4315
5223
5851
4000
3803
4847
3393
4463
1891
2407
821
2884
6058
5737
3857
5132
5160
3144
5574
2670
479
789
3129
4869
5793
1204
2747
6046
300
1329
6212
764
3425
5894
4664
4501
5656
626
3856
3742
164
191
5914
5854
3459
2691
1611
5280
1904
5824
2575
2663
6116
3311
777
3459
3489
3556
3082
4458
6270
657
6036
4341
1269
6376
2582
4698
2986
4091
1473
1855
1280
1579
1555
5573
3606
5645
333
779
4328
3478
6121
5597
277
4929
2625
3817
585
5199
622
4473
348
5522
2757
1219
378
3703
4520
3947
6306
3391
278
1431
978
6473
2656
2321
5477
5418
3419
1977
3471
1098
3427
1322
1434
4483
6167
780
3746
2668
3220
748
2016
5516
1389
1031
2856
505
6287
44
2572
6460
3121
6478
3014
5523
68
5490
4842
3135
481
1235
2397
4375
4253
5516
798
2133
4142
4683
914
864
5087
3136
4576
288
702
5245
1075
1843
534
3013
376
340
3528
946
5176
1386
1847
556
4762
6478
4251
4681
4627
6102
1893
2592
4703
2864
3841
3806
3443
4767
5404
2344
4176
60
6394
2051
2596
2976
3663
4046
4286
238
6202
6282
4353
2161
1622
5795
1812
1405
1465
4582
5780
743
104
3139
4355
74
6314
770
3465
1028
1606
3415
5386
486
3291
6023
1286
885
3910
2582
1881
874
3678
555
2144
325
1817
2663
1002
1711
2015
586
3072
1461
400
3027
3962
3289
2328
6226
1494
4524
4574
5149
4904
1689
6463
549
1557
5218
6440
1543
5403
1353
5022
3031
4193
5738
4903
4660
550
3852
2082
4486
2839
5377
2001
5733
3510
5028
2994
3799
2596
3154
2500
5121
6423
4901
1792
1112
5022
5374
6116
3495
2721
5737
6369
2781
3804
459
1677
5709
2765
3360
1348
4125
6246
947
3730
4153
1549
6071
4598
2320
2814
4639
1227
4593
4531
1290
1216
3776
3468
702
5923
4216
2
2268
3755
62
4778
5473
4914
5932
1951
5567
1790
5111
5372
234
2324
4186
109
702
435
4722
3313
4971
6163
4535
1060
2064
426
5126
1219
4405
3377
2816
2277
836
5664
297
6438
1628
3975
4671
1632
3685
1380
5005
4949
5439
1790
670
355
5401
3561
3112
1803
6214
33
4181
5422
6196
1846
4909
4147
1341
4381
132
6393
2287
2692
4491
3824
1483
2531
2027
1679
1879
5790
2402
6365
2909
329
2872
3638
5885
3440
358
3198
143
1961
4317
5648
4197
5703
5377
4273
1748
6371
680
2751
4532
6486
2263
4669
727
2555
1420
3701
4396
1197
2867
2373
6446
3896
3243
2613
280
5020
24
3033
3199
4098
2716
2067
4662
5931
6351
3184
3998
1756
4208
1095
6159
2896
3593
3056
1204
3190
6382
3222
6155
2287
3851
1656
5904
2384
4829
3767
4836
4281
36
1153
4629
4528
162
1275
3297
329
866
6320
5189
1348
128
4001
3929
2357
4930
6253
4489
1793
4733
4050
730
2869
5703
4307
6035
1056
5576
2977
3004
3991
5415
6349
390
3513
3147
2559
1981
6185
3583
6041
1358
1386
952
3124
5316
5137
3097
1969
395
3356
6113
1860
189
3628
1014
3920
3776
4821
5565
2847
1372
3618
2495
1097
682
5026
5983
3749
2819
4363
6353
1856
3036
2407
1275
4385
5726
4652
5327
5446
5986
2837
5158
2322
2774
2294
3724
3637
1827
2539
380
5192
360
838
3551
4469
2352
1121
4026
827
2193
4571
2289
4876
4669
294
1747
3116
1506
3806
5183
2782
5889
2531
1940
1954
6266
1801
3250
301
976
997
1305
5014
2229
1683
908
2846
1881
1230
2555
6326
3989
1353
4582
3398
586
5788
2786
1793
5356
3108
2073
3321
3585
1056
1346
3509
6214
4903
4515
4677
5306
4331
2016
1851
2737
5857
6413
5471
5085
5956
232
1022
1633
597
1880
6300
2287
4972
902
2436
5244
2436
3542
5177
1305
460
6022
5790
4733
4046
4063
5728
5522
4114
5873
924
1266
44
6255
936
48
3052
5911
5814
3343
2415
5268
3368
207
867
2201
1296
2398
607
945
4196
538
565
2542
5255
4219
1880
5279
6046
1135
2626
1044
6325
3051
1144
460
1474
4773
5382
5962
5672
2802
6407
5801
2781
5483
2500
5980
5658
5179
4033
2667
3125
2644
4908
1616
1938
5088
5583
4131
2011
1419
1314
2709
2677
4768
3501
4575
4415
5916
3160
2015
238
2782
4541
4795
1140
2370
4732
344
5462
2541
3918
1071
1837
3447
295
3906
1572
5336
3085
3613
3876
6091
4863
6039
4258
4733
3356
5998
3129
183
5649
1163
1413
3052
933
819
4640
5369
4614
1323
2820
4570
5478
1529
5950
918
1238
381
4473
260
2140
4592
1248
3106
2820
428
4174
358
2027
2761
252
264
2323
1182
4856
6130
411
3937
4893
5560
3299
30
1539
4729
954
5354
262
3986
3644
4249
1672
842
4503
3873
4907
5962
1278
4970
117
3724
1843
4116
3450
4331
2422
4904
2705
4222
571
3416
3955
4735
4835
3384
6429
3978
536
1489
3632
1158
814
4954
5914
6196
2005
4422
6037
3492
2204
2071
121
4090
3541
3040
5301
4166
499
2321
4006
6107
3969
6224
6330
1797
509
1039
2128
833
5773
1811
2213
5640
2271
6408
2803
6353
1340
327
775
3099
5531
2133
5421
1191
5499
941
6120
1059
4750
689
832
1653
5214
1045
2999
5846
4673
5750
868
363
6426
2003
6396
5689
3108
3543
2463
4757
2491
1846
2356
5988
506
5077
2604
6273
5766
3593
132
5742
5622
1548
3851
2028
5320
5436
1717
1552
728
5648
2151
2794
2373
1614
1693
4456
368
4098
4850
5460
6
106
284
439
5782
5203
3699
5996
3955
394
1332
5129
2023
3001
1462
4552
6192
149
1877
2297
4234
2943
551
1300
4104
410
1892
2107
3480
6267
2519
5075
4900
476
4600
6016
4526
767
3230
1338
740
1952
4076
4742
2899
2230
1435
3990
1163
3150
714
1654
2366
4833
1002
1004
1069
1250
702
4399
2691
797
5604
4020
975
162
111
638
3679
1405
3400
2880
5011
3770
1588
4165
3867
5037
3860
1924
2191
3498
612
946
133
2708
5498
4258
2862
2911
4854
171
3054
1079
4799
4325
3670
1308
689
3213
5768
3232
4966
4207
4842
5052
2229
2663
1621
1836
74
5392
3977
5014
6143
1434
98
1034
5335
1530
2109
2040
808
2336
2097
846
2041
4649
3945
4064
5714
4711
6074
4682
6441
4022
2011
2967
2921
4780
5477
4629
1064
5373
2958
676
2723
1090
4386
2052
3903
4636
4340
3234
5509
1906
5119
2130
4565
2616
5568
3333
2639
3418
4409
5606
854
517
5128
1754
5215
3464
2850
4265
176
2411
1284
5452
3653
1493
4804
514
836
6269
1677
3175
55
5660
6248
700
2804
3502
3375
1220
6255
4347
5836
339
4224
5192
1835
4442
2148
1502
1185
3004
6244
6242
4597
993
1400
1116
1709
6352
3451
1367
5042
1082
57
1132
1289
5370
5239
5027
2898
2359
3026
5845
1563
6015
4890
5559
3335
2478
3826
2707
1045
1798
4549
3235
1539
523
2901
2635
4528
62
4096
4992
682
1412
5656
2655
4682
1144
6420
4743
4373
4146
2977
6221
3775
3592
6315
1222
2359
5214
5224
5003
4067
1127
3791
3800
5956
5450
935
4017
6414
6367
4299
3335
5524
628
5058
1332
1382
5380
3487
2379
4080
4948
3791
2151
4080
2527
3096
546
2181
4879
5054
945
5371
1419
3065
6267
886
2860
2202
5603
4238
3081
2203
3936
1342
5879
685
5793
2986
1481
450
2038
1007
5921
4616
5134
4749
4532
2985
4253
5828
901
2584
314
5239
98
3293
4315
4391
3578
3866
2905
4441
4171
6025
4744
3495
692
2436
6398
2345
2655
6363
5448
5234
258
988
3587
4131
2543
5529
1617
311
2626
703
989
1354
6439
2329
4484
4674
2182
3371
4490
2055
5300
389
2561
1338
1703
636
4869
1891
369
1775
509
1605
226
200
2797
2853
1004
4618
373
1172
1044
3158
5935
938
2352
4622
3394
3386
4223
262
4403
190
1541
4331
4861
713
3945
4247
3752
4806
6461
1126
2001
4177
957
1547
1386
1884
2451
4842
3577
1014
2751
1154
172
3719
4795
2868
369
2325
5282
110
4352
741
151
294
6222
483
1533
6140
883
6427
1385
5391
2445
5468
2824
3521
4704
2551
1744
674
1338
1117
1714
1586
3764
2194
3941
5414
350
826
4762
3280
192
3062
220
2220
5174
324
2879
599
1536
6385
6030
0
451
2883
1098
2510
1387
4919
3842
5849
1134
337
6137
4297
942
167
6235
6385
4743
2181
1399
982
4532
4406
3801
5699
5848
6248
6248
5253
1093
3389
5081
3547
989
3766
424
1575
1533
1603
431
4621
3479
2082
3768
3462
1135
6333
615
4185
362
4105
4014
3654
4372
5076
2978
1168
848
6283
2984
5893
3618
4270
1716
3821
3454
366
3701
2267
4896
1816
1309
5216
552
688
513
5570
4742
3233
402
4314
2614
4748
2531
5751
6215
5612
5599
3702
5899
5649
6102
4503
5769
5262
3828
3126
3874
4693
3042
5211
5344
5349
1245
223
2713
5351
5281
5235
2020
6322
2512
3600
5111
6377
2332
4310
6478
2827
4436
1575
2907
2810
3830
1231
3576
5093
6388
321
5089
5200
1045
2857
5946
2211
2224
3162
6122
1219
3002
4268
6045
892
5405
1002
5645
4072
4591
94
4516
4517
1892
1985
1106
1006
4160
1590
2279
716
6054
4811
5971
888
981
1131
3366
4130
1708
5649
6419
2652
3219
3514
3100
4205
4180
241
5525
3281
3136
1155
79
137
1569
1425
4015
5493
3073
5023
5495
6386
1533
6101
545
783
5192
2692
1728
301
1858
359
4196
1362
5997
5459
3442
2246
6055
3237
129
2252
5938
6369
3508
4100
4649
3163
4110
4911
217
1166
6116
5356
2801
5184
1665
3355
5170
2221
2307
1540
6206
4489
1310
3501
507
4545
3635
2574
2837
3170
1327
1365
5529
5681
1762
1737
2406
950
4891
1416
5831
1420
5954
4190
4617
2179
509
1738
3243
1781
3172
4812
1544
2167
668
3869
6386
3863
3763
798
4725
4760
3018
3988
58
4546
3451
4273
2786
4668
5634
4792
1555
6064
708
3451
2039
3524
1932
2066
1872
3132
1318
621
4604
1081
4005
310
5420
2646
1861
3361
5112
5166
3870
1993
6160
3324
4648
1279
1746
6171
1212
1883
1685
3446
3439
4072
2749
2313
234
2589
3136
1918
6050
2206
5561
6114
5991
6340
4396
2997
1633
5521
4763
813
4387
2184
6120
203
1176
3288
4279
2040
1131
4374
3294
2194
214
944
756
1620
6071
4757
5700
4932
2188
3195
4297
1904
5170
1260
5824
1060
5833
4858
140
1609
98
1645
5809
2388
4221
2016
1887
1382
5145
6279
3002
1261
2095
6319
1540
1849
4660
49
5487
5089
596
3858
1938
4493
2788
3292
648
5227
3423
549
5116
926
385
4000
1543
4930
3644
3874
5611
5371
41
1563
3372
2750
2016
1307
2045
6358
5463
3708
4890
257
3425
6124
1350
4930
3502
6117
2704
5007
2203
3425
419
6251
6406
6037
1183
6397
1552
1870
4922
1113
2687
1818
2756
6113
3933
1025
679
5425
1690
5068
4204
3592
124
3084
4495
5978
5281
4636
6377
5242
5831
1923
2277
897
2964
6393
2260
650
4615
2613
3006
3273
4667
1625
1411
5483
1091
2340
6362
1247
2440
6400
5545
2191
5568
3579
5078
847
4812
3047
4215
2571
6389
575
4838
2808
2395
210
1571
268
4754
1443
3890
4751
4114
3122
3412
5427
3142
1713
3470
3460
3253
4339
5454
2157
2866
556
4727
4087
3835
4943
1812
1875
653
720
2785
4996
1023
397
167
1603
472
1611
5109
3055
4798
2559
4287
2785
3925
6143
1643
4592
2661
1987
1294
502
414
3768
398
1083
6274
3253
4290
2924
465
5670
6048
5281
5180
2618
2108
355
1342
6313
2041
3324
345
3550
6301
5133
3974
452
5728
158
697
1283
2602
595
2735
2594
5731
2379
4569
2899
665
1653
495
5151
2738
4122
3594
3530
2115
4681
1664
4046
5540
2159
5666
132
1917
1680
3562
5832
6239
2984
6347
2671
5505
2531
39
6184
5902
2298
385
6259
1072
5834
1215
6280
5830
2700
5434
3047
2071
2600
1605
2870
6272
3340
73
1450
3100
5881
5636
1784
5646
4644
321
3871
5259
1294
4127
1406
3003
146
2812
4683
6239
4948
2911
6131
2577
3531
3923
2655
1485
1048
4666
2756
3695
4611
798
2199
6293
4340
6186
5595
2802
3302
1646
3995
5005
804
6198
5001
2066
4345
5044
1729
2495
4474
5500
4996
32
4831
2373
116
1208
3638
5439
1233
3166
5947
5949
5114
6497
837
2949
3538
2772
3376
2506
4179
4138
642
5694
1669
3742
4272
2892
4747
4747
5296
1501
854
2521
675
880
355
5148
6097
1136
6020
3625
1242
931
1549
2910
4345
5204
5141
3658
4236
2337
3799
439
2567
4583
6301
1353
3674
4776
71
184
5286
3388
518
2053
4148
4472
5833
6002
4529
3800
4906
192
1210
38
202
2343
6187
5356
5731
4289
1667
5067
5555
4983
5955
547
4977
1477
2265
2320
1875
6241
5129
6266
5475
4672
1546
1701
4924
4069
5742
899
5670
3979
2700
5260
295
1165
5228
2301
5760
1249
5697
4469
3787
607
4199
196
1902
3415
4475
1953
785
2663
6436
6383
4650
2778
5605
3020
222
2942
4249
6307
3989
4681
3479
4180
4431
2091
5294
870
789
6117
2922
4153
1179
6097
6410
2594
2956
895
4977
4761
3692
5104
4363
5634
4271
6178
4045
5396
6226
592
353
5694
4499
3684
6353
770
4513
4310
2111
1992
4862
39
186
3589
859
5940
4180
6071
3798
1798
3311
2522
5836
3739
5647
5640
6152
4770
5841
1768
3791
5403
482
2724
1690
1647
6348
5323
207
5028
2930
3351
986
1482
4976
1832
5463
2693
5257
3513
6237
2534
3072
1927
136
2457
2159
788
4240
2969
350
598
2395
4068
3369
4515
2893
29
6233
2697
5392
6228
3172
4410
1710
2397
713
1762
4595
574
3834
976
2072
6423
3174
5168
2638
1076
419
519
413
2678
3772
3810
1948
2538
2937
3241
66
4583
1456
6450
5256
2279
320
514
393
2630
4365
163
5639
5707
3434
2666
835
4543
4867
1833
4057
4028
4035
1817
2143
1435
1559
1954
5268
6470
4314
994
1865
1818
3152
256
6051
68
3806
1479
5280
2447
6491
420
6172
3095
1117
373
1600
5125
1708
362
1793
2608
748
1330
3031
1514
274
5143
6090
5187
4572
2215
3467
5668
3302
1645
5576
476
2226
260
5230
3578
2729
5851
2576
3562
1543
3401
6069
5909
268
5816
3546
5824
6401
1273
5633
2992
5935
2146
1130
6286
2832
6464
1716
5014
26
3264
421
3934
6469
1226
676
2853
1293
554
3316
3041
3389
1431
4350
5306
1029
793
1544
5133
3666
999
2464
2585
4
3342
5636
5498
2389
1897
3291
2180
5992
49
2337
2674
5341
2393
701
3449
4276
604
4300
811
3938
4943
48
74
1553
5259
4171
3386
2048
3791
2557
3089
3722
1455
3907
67
3875
713
4089
6242
5816
541
4280
2249
3613
5432
4754
530
3962
1097
1401
1568
5267
4913
258
2295
4069
6297
5707
407
5637
4790
1227
6488
348
533
2793
4958
3422
4437
2565
5523
1869
3190
1066
4406
3734
1068
519
2044
2990
5257
4733
1685
3490
4216
5865
5798
5017
547
1784
1189
4651
5180
1266
3386
5516
4316
6485
2094
5267
781
5107
2141
3877
2318
7
3626
3702
2413
3623
2458
5337
2028
5574
1578
3033
3417
4444
3775
5241
6017
138
215
4070
4913
5920
1975
720
4593
5235
2283
5561
2784
2965
1031
5530
1968
1663
920
320
6246
2358
114
2531
1051
2238
2893
940
1708
1820
3906
4132
2652
373
2054
0
6104
4802
699
605
5646
4335
2450
5569
5131
4256
2544
1724
2856
3054
4644
5380
4808
2737
4571
2204
5045
5266
5160
761
2936
3581
6279
4639
5402
3485
5077
295
797
4403
4361
295
601
2017
331
1921
6169
4375
2806
5837
5662
6121
2407
1579
6166
3264
3700
3768
3837
2735
6107
4934
2322
5338
4854
1578
3669
4046
5189
59
5810
172
151
4517
3985
5653
1308
5611
3623
4339
3507
1007
2378
5066
4508
404
2374
3726
2035
834
1377
2412
5997
6194
4929
6412
4331
6181
2688
1740
6257
5942
2645
6200
2479
4368
2414
135
3419
986
3381
2635
1500
2612
241
1710
1920
1407
4070
1575
26
296
3236
2168
3286
1017
1418
1702
3378
4519
4731
1411
1125
4926
3786
3065
6386
4684
3088
5907
2440
3039
5215
5093
4069
6001
569
6225
3594
4040
4650
2160
3578
5112
2695
829
4683
2748
2849
4112
4966
2890
6478
5816
1590
3350
3915
1795
4557
329
4943
5325
3106
2049
280
3721
6482
3821
3692
2175
14
2804
6347
6157
5067
2702
2704
997
3787
3326
2230
5555
6069
5108
5069
2737
1271
3930
5498
3895
3250
1815
692
261
361
1316
2753
4764
4295
1055
6481
2905
6077
474
6429
5001
1781
252
5
5506
4043
4867
2244
4227
3405
62
849
1363
4316
2971
2104
3360
6290
77
5497
1092
1182
4636
6133
373
4992
186
3212
3949
954
754
4996
4205
5328
3208
2568
5843
1806
4419
3540
1019
5199
139
993
6450
2634
5504
2940
6343
1877
1381
4744
40
3428
3293
1649
549
4821
6203
501
2132
5158
177
2155
5952
2688
399
1359
6459
4632
2403
5253
3704
4396
4765
308
6027
733
2793
2115
1136
1954
81
4496
34
5532
3776
2569
1544
4634
4954
6305
2315
1272
2293
535
3299
3769
5457
4681
5948
6422
3894
5720
4809
4030
3086
3236
3476
4051
3506
5384
6246
1847
721
4289
5178
6361
4952
613
4145
5866
4902
1790
6324
2273
3840
1103
4525
4867
4078
6047
5653
1691
5888
3741
415
4710
587
4169
2699
3551
6436
953
1870
6099
2027
3080
6293
1455
2990
3680
257
3
1533
4294
5800
4500
3194
3636
2127
4165
4425
3575
6354
4812
4038
31
178
48
1668
5061
614
5678
2222
5316
5083
1897
2949
2263
865
4551
329
6326
267
1903
3209
3276
5316
437
277
514
1869
1401
6351
2323
3127
6304
2295
1819
4201
1812
1164
477
335
4670
5640
3121
1781
5183
4388
4148
4811
3736
5341
5797
5323
559
479
6212
666
2904
6431
5720
3621
4065
4852
5733
4684
6263
5619
6185
356
213
1413
1870
496
4098
563
1054
6101
4303
3728
2961
2464
2023
4190
4119
1527
3104
3982
3006
5624
1671
2824
5004
4562
4775
3360
2371
184
434
5186
6044
5824
2029
2493
31
5239
6123
6482
4345
5179
5594
1305
1200
2754
3607
3344
5033
436
1468
3712
22
3325
4899
2434
1055
4210
269
6011
276
6437
1176
3865
1526
1672
2559
6313
595
4494
5140
4389
4606
4742
6416
966
4864
5683
2008
5936
5466
5313
1720
2707
1229
708
686
2711
0
1269
4984
6100
1360
2106
1966
395
4080
5897
2250
2336
4869
5499
466
1796
1438
6191
4466
3733
2442
2185
2287
253
2619
3503
5312
2680
6333
5003
6043
2170
6437
3368
1608
312
3259
5363
2791
1484
509
5727
5923
2244
3234
148
2400
5184
5469
3269
5373
1400
3372
5822
935
6248
5336
2861
4264
4907
6068
2500
2783
3203
2054
1951
5801
4339
3634
2808
5099
405
4607
5605
4919
1623
5555
3059
3343
6164
3003
6409
308
4188
3056
4772
1161
2232
3272
4620
2999
2048
2261
6285
1833
183
1705
4901
307
4569
3332
6221
4567
1709
1114
2720
324
4910
2905
3399
4049
4404
2211
4779
3602
720
2156
913
4032
569
4664
4051
4063
2142
1020
4845
2250
1885
4640
6395
1413
869
2240
879
1530
4648
2012
6043
3295
1417
1370
1720
6257
5917
3230
2150
6415
2125
3134
6235
2513
6167
5264
1676
2950
5830
798
1100
1937
5393
1100
6020
5881
1701
6356
1572
3385
4750
299
3062
6252
5883
6064
3449
1276
6126
4299
210
854
5448
1925
2848
2730
6318
2467
3895
766
804
5565
1701
3842
3028
2784
865
3254
1747
891
2117
1763
916
1679
6435
3295
5286
3746
6384
1664
4835
2660
3068
5261
4123
3017
727
4562
2579
5610
2997
2585
6316
2314
1842
1694
2512
4509
6097
2527
5488
5450
2678
805
3761
5729
2179
1684
3316
944
4656
3861
2068
5490
4271
2650
2954
6247
1843
6206
6405
5661
3122
517
4938
4634
2910
6064
5407
303
2344
1369
5367
983
5987
3318
4629
4505
5093
5814
4914
1543
2941
2366
5682
2460
244
583
3411
4657
954
580
1441
2819
893
5484
3025
4052
281
1232
725
889
1920
2845
1306
576
6213
590
465
4767
5942
703
2268
1533
4235
3107
1624
4204
3127
2874
2532
6081
4539
904
6021
681
2282
1339
5062
4344
71
6063
5884
5500
5455
1985
4735
3711
38
3274
127
10
549
4838
329
3808
4630
1273
986
6027
2679
4604
5086
2078
5830
901
4223
5642
3214
1642
1693
38
4708
1997
3870
1095
3269
4254
4683
2054
779
5089
5349
1875
2944
2926
2186
3987
5862
6427
297
4532
2349
4245
4445
891
5287
3843
5718
1332
1865
4693
3558
4695
836
793
3154
2984
5595
232
1565
1972
4528
4487
5615
5770
2599
1956
1451
173
4303
2829
1696
5772
496
3345
785
619
1437
5059
2747
4964
2666
1863
3020
5217
5723
187
6153
3277
1200
5339
1083
4981
6110
4637
1623
2870
3255
4857
4060
397
1613
4504
315
2475
280
1240
1653
4299
2482
4284
29
3841
5170
4422
1868
4922
2909
671
1654
4930
4665
499
4971
3618
1527
3774
6311
3668
1259
4783
5737
1996
3560
3899
2930
5845
1763
4618
3954
2516
1133
2683
2884
4321
5452
4045
1978
5637
3950
3110
2297
29
4094
2235
1526
877
1245
6115
971
5211
4544
2283
4073
3767
5388
4907
1486
941
4462
5442
2504
1163
3326
1098
4828
6421
3153
4487
2822
2522
2662
1184
2634
6335
738
4429
3000
4160
5214
6247
889
1097
4134
201
3957
3075
1093
4715
5814
815
6428
3658
151
1119
4597
3144
5546
6409
4816
4482
4828
2401
4757
4744
1781
1963
5613
763
2197
4410
6312
4471
3943
132
1232
1957
6285
1662
5915
224
42
3453
4023
3436
1578
5559
3422
3259
1021
1704
4274
3700
2695
2834
5867
4014
3187
4751
3212
6243
4532
611
1689
822
5800
1976
1138
2510
4317
5526
5886
2441
1754
5853
5111
2206
4099
1253
2517
2995
4713
1039
902
238
1452
534
4036
5666
4879
4892
2227
2731
5942
2979
1291
3804
4688
6138
4245
3518
4909
2302
5722
1998
5171
5420
721
3926
2056
2597
1622
5792
6430
3773
1461
4668
4263
1483
6081
5853
5850
4602
701
2524
755
918
1416
6082
3868
3946
2861
2948
852
6159
2496
2444
1748
1289
2104
4349
6402
5953
3557
2275
2541
711
5822
4018
2200
1903
4064
1947
307
2664
3751
5391
2355
672
2246
3511
4315
1283
1761
3703
1219
6091
6298
1394
1129
5721
6369
4415
5088
863
747
6188
1605
6481
4246
5356
2042
3397
254
6235
2357
4115
6416
4754
2182
1722
5356
1908
961
6099
4294
4505
6334
3187
4869
480
187
5376
2155
6040
4280
109
1662
2181
6418
4859
3397
4618
2098
4817
2195
2141
83
6022
3081
6270
2595
655
5137
2156
6202
6379
3967
1332
1101
5240
1885
4751
1153
4153
1403
2244
2584
1861
659
5377
5293
3008
2146
3168
4109
2311
6444
1198
5666
4498
1025
2622
447
5263
2471
6219
2203
642
2721
5569
4087
4381
3099
3403
5135
2269
1941
4911
5809
3818
106
5457
5397
1276
2637
326
5668
5068
3791
4817
1120
5083
2025
2952
4850
3966
1265
178
1727
2646
2183
4452
6281
5010
4637
5630
4042
988
4776
6445
1367
5340
2552
1723
5774
6241
4267
3719
774
5966
4337
3798
884
4345
3716
947
2412
720
2503
1724
62
2420
2738
4533
2011
2895
2621
611
1164
2109
561
4409
3129
3711
4479
1367
5276
4805
6276
1289
6405
407
4755
6118
2851
2795
3451
5383
5428
5233
5256
5386
6213
6159
6153
3800
1165
6120
3621
1191
1599
593
351
1009
1321
4404
6252
4015
3492
1717
423
542
2322
4250
5955
2360
1671
3946
6285
4103
2671
1594
5186
3247
4851
5140
1
5849
334
1354
3791
28
103
5087
6298
1847
2361
125
4148
6078
157
1232
2165
4091
233
1655
4783
1669
2934
4405
4943
228
1597
2185
2596
3507
776
3359
898
1712
2224
1611
4593
4210
542
5465
6472
6457
2338
4812
1833
2389
2527
5379
1709
4997
1510
550
389
2752
3439
3261
2912
5171
1742
2016
202
6243
2580
2127
3479
256
1757
4249
3705
1195
4842
4649
4534
9
1691
4404
1324
1810
1347
1242
4276
6150
2349
1759
1263
962
4823
5098
5589
5102
3002
2094
676
1690
4340
489
3160
871
1618
3783
2349
5838
4262
3283
2034
1188
3582
917
5594
1145
904
6436
1293
947
1885
4927
3384
6462
4337
707
630
582
340
6011
4978
4397
4639
2669
1318
5627
5526
753
4711
1012
3875
5824
5792
2022
5357
4503
653
284
146
6106
889
5316
6403
5432
903
4232
2737
3821
6442
4655
2325
2372
704
4583
2825
2318
6253
4934
3911
4971
653
2239
615
4156
4176
931
6205
5695
6495
3642
3829
2704
2967
4236
759
2752
3046
5105
6215
560
1330
2997
1649
4279
610
4776
119
6297
332
3962
3611
2942
941
303
4960
4723
4864
3143
5962
6155
5450
6248
2930
5401
1748
2245
5580
2422
2920
284
3200
2971
741
1216
5884
1226
3580
4861
5228
2106
6271
4360
3163
924
2470
2526
5102
1352
3779
3158
604
3597
3760
4496
5884
2934
5667
2098
296
2798
1956
1065
2791
1011
2147
1036
2017
3780
3138
2845
3872
6460
5836
3352
2395
3579
4055
2735
2043
2632
3183
5452
3338
1408
1116
2602
4647
2171
5445
1622
2789
3992
2524
873
5804
4320
49
1912
5262
4580
1628
3189
6279
4204
5116
4010
6323
4550
5530
2423
2829
4331
6432
560
641
6260
1745
2745
5880
75
3089
3859
1216
1645
2203
4940
6287
6454
1851
1718
4605
5489
1087
1852
718
4774
2957
3266
4230
369
2154
264
6003
5332
787
2812
2781
4261
3049
5897
190
1875
5288
6407
2821
2851
5641
1820
2309
3192
5304
96
4986
5872
1057
1662
6464
2645
3235
2800
4789
708
19
4878
1130
3040
3351
3790
1990
2439
4959
4771
1077
591
4294
4063
1855
260
2313
5147
2773
5450
2845
4816
1311
4418
3675
5052
6157
5278
2449
2872
3456
859
3381
5528
2784
5022
798
1095
1087
679
5942
3694
5009
1470
3158
4440
5980
1511
4125
6013
3879
4861
773
1772
4878
3032
5549
3298
4890
3417
6208
2121
3335
6451
6076
3790
5643
1919
977
5872
3677
2987
6104
738
1719
2581
497
5560
5194
5120
820
1441
4480
901
2289
785
377
2140
5331
5534
4421
4957
228
1757
129
4130
3624
553
2674
2071
3022
5411
3317
1457
1464
5180
1814
1440
4662
4604
6398
503
4454
4343
5415
2150
4724
2159
5310
5904
4606
5798
2740
2079
5483
3378
4991
5970
4860
5616
4998
781
4573
2653
548
4112
5482
4899
6074
3982
1589
500
1351
6113
1959
212
260
43
2223
34
857
1927
3672
4118
3659
3263
3360
2726
5458
2762
3794
3291
3962
5451
1605
4910
2005
1004
22
5500
5711
1700
3407
2959
2247
5600
5211
2295
5316
609
1322
94
2876
2870
4275
5925
2972
1160
2821
5675
4555
5330
5621
4307
1182
4434
1331
1746
3190
5382
1300
4406
998
5065
664
251
272
94
2670
861
1081
5288
5568
1919
1049
4711
745
2743
4845
127
966
490
5169
3198
594
6247
946
5421
2346
2580
105
5180
31
2902
5378
4195
3131
5583
231
2058
5304
5093
3285
4235
709
4156
3777
4323
4091
85
4330
447
2408
435
4982
3479
491
1944
1695
2590
5407
3654
4072
5808
6157
4479
4892
3963
4357
462
4156
4208
1213
5075
1864
639
3162
3559
3824
1287
1834
4510
5313
1902
4847
1698
1012
5299
2169
6277
5104
6142
1841
3639
5463
5364
2857
1741
1230
3292
5553
1522
122
5068
3241
4316
4160
2628
2435
2563
4870
3774
3452
5915
4624
5617
5742
3211
2124
1804
3932
1555
6041
6460
405
3890
4292
3322
1923
5505
994
3380
4196
261
6023
6322
2697
5487
651
61
647
991
4582
5008
4027
5426
1782
2787
557
4838
6297
1565
3612
4005
4035
6477
1866
144
1441
2065
5143
2658
859
6240
6181
4164
6077
4419
5003
6281
4352
3175
3210
3412
221
4109
3581
4066
927
1942
3397
6366
4710
2786
5249
4663
1464
2989
329
4982
191
1593
98
4329
5370
2551
769
2087
5357
117
2664
3721
3660
3681
3234
2863
4727
4661
2492
4533
4600
4115
4602
2405
634
1883
6183
1446
506
6283
1841
1310
2178
1403
5634
1349
994
6351
28
6314
4994
6178
252
5331
2501
2296
956
998
2784
461
3171
2999
5528
297
5995
3434
3142
6208
6415
1193
4357
1532
4095
2653
4574
3973
5476
4174
2471
393
5953
3273
3106
4753
2707
5872
6441
964
1298
2670
3832
5283
3425
1824
2119
6489
889
2724
534
558
2243
5636
2911
1184
3799
6107
2070
61
1736
4417
4701
1168
5700
440
2863
4974
4330
3432
1836
4953
6144
783
3182
1593
1968
1241
3537
5991
2499
5156
214
4248
5456
1136
3022
5302
4808
2712
3751
3082
762
17
6296
2062
4994
3347
4650
2781
4119
1881
3144
54
4237
3165
5639
5418
4003
4146
3851
3395
3450
4494
3433
5289
5187
2545
6153
4795
614
732
4065
6132
5110
6378
413
3032
6443
370
3443
5855
344
689
999
4656
2610
4887
1447
3350
2
3117
6228
3356
5153
5671
2968
5303
2758
4633
3965
5075
1798
406
536
3043
1577
1165
840
4241
1326
4380
4718
6286
3031
4892
4408
66
382
5175
3406
2493
1096
1345
1260
2919
6221
733
2715
6489
5463
1319
5817
917
1448
5000
5872
4891
205
1282
5475
1682
1199
2067
82
800
1633
5533
643
2005
2778
6188
3187
6459
6047
2127
520
6139
957
2133
4350
1468
4272
816
2921
5570
4375
3489
4108
281
1743
3976
1568
731
5619
433
1732
324
651
4300
801
1257
5478
1133
1171
4869
2754
6285
5411
3481
2530
5642
3557
66
6034
2022
4729
6378
3411
5136
5169
1431
3076
4239
2582
479
4478
4355
5428
646
687
4094
433
2582
5537
2736
1610
1362
2065
4147
3937
181
5372
3462
5947
5681
846
3213
5470
1928
3242
4746
535
2191
10
1755
5933
3152
4219
317
6462
4182
1967
2178
4427
1695
1475
3867
740
3741
3444
3384
3526
3530
3462
3640
3829
4528
1463
5115
4066
5365
5629
4380
3698
2352
747
5517
3802
795
4795
4464
3273
4124
3985
616
3348
4600
2397
3219
5849
2596
3343
3336
1419
1277
3080
1555
5795
1966
352
3415
356
3152
2515
1484
1465
4354
4829
3285
3199
59
5077
3718
1431
6053
4863
1757
5558
3195
4834
2768
2460
3051
1710
3887
4759
2298
6315
3845
3769
1533
3303
1606
481
3483
3969
971
4349
217
5797
4102
4894
854
5806
4128
34
871
3332
4072
1976
4278
5252
762
1862
788
517
5014
602
5328
3963
500
3262
5673
4098
6158
5107
2431
5114
4137
2618
1734
2232
2768
663
2676
3917
6073
5798
5764
1739
5826
5455
522
6292
4593
343
4060
3684
5145
1629
2024
295
4373
203
1436
2603
1059
2233
5963
6095
4618
6468
5627
4513
6312
4805
5799
2631
255
973
2531
1930
1282
2641
1366
188
821
4495
616
539
2543
4715
5582
5627
6317
1472
1032
4837
2167
3939
4145
271
3429
4211
1974
1899
6473
1952
3689
3179
4285
1301
2424
1472
5537
616
5203
4392
1658
5261
3759
1418
2004
2468
3833
6144
4914
3045
6247
183
3217
1938
5750
2468
1804
5230
146
3328
3131
3212
6062
2514
1114
4804
6439
4892
1058
2259
2897
2887
6343
1146
2385
3465
521
6420
2902
5522
589
6014
4315
1183
3558
6052
362
5134
1406
3566
3107
4710
5599
3681
1184
620
1920
2640
2385
2096
4477
4243
5147
6022
1278
2687
3150
5980
4257
980
2485
4160
2546
1898
5299
1308
2300
839
2980
1866
546
2859
1845
63
356
4736
1405
4712
5617
3641
3664
1435
4407
1754
430
6260
3749
1561
5854
4747
1752
4595
1245
179
5936
5594
4979
3766
3359
4007
3373
1896
1022
3513
2636
6230
3
1376
3937
782
4186
2613
3302
4629
1951
1551
486
1770
122
2231
773
1407
6123
6417
1427
150
2677
4966
3556
1437
1842
5271
5092
771
6412
1184
2317
4047
2099
1222
5605
4587
2276
5226
5402
6414
6094
5330
3382
5615
1063
3915
1892
2254
2157
4347
1991
2854
824
314
2496
561
4089
5695
3662
1831
1093
2079
2218
341
5833
5948
4977
15
3317
6425
1128
1706
2430
4056
6423
2544
5529
2191
2638
5417
3351
1759
3316
4474
4152
3393
5873
5925
453
543
6339
1005
657
4083
2633
1818
1611
4876
5829
1121
4070
5258
3896
3197
2870
5620
3597
2528
3160
3984
2631
2793
172
1615
1707
6059
5503
4757
2413
6271
6197
6039
2767
1605
5064
4452
4717
5797
5484
3145
2784
1526
2474
5089
4403
4707
456
1326
347
4844
6300
1725
5007
3544
3341
215
3948
181
2715
3348
154
4398
1153
6252
573
3498
5626
5813
1386
4226
6057
4860
4695
1329
931
6033
5011
6320
6416
4722
3146
423
4745
6409
2886
3435
6281
3017
3046
6006
2997
1826
4772
3286
574
5645
1473
4725
687
2612
4912
1289
1061
4152
3790
5258
4704
4868
3866
6072
2114
5829
3650
6262
4727
1467
100
431
2272
3075
10
2313
1126
5629
437
3123
3295
2383
2669
1545
2099
4187
2380
5306
4273
2713
764
6003
3381
6012
1827
3387
4431
4234
3282
5529
3606
1684
5454
330
1387
4269
4387
1224
5872
2071
2430
4382
2169
2968
2451
3523
2262
1911
1176
4321
5599
4711
346
3793
4661
4893
722
4157
2471
2417
571
4227
57
432
1466
2378
737
1949
6078
4279
1264
2338
2404
2969
1827
5082
1196
6098
3479
6108
1678
5666
306
1767
1691
5343
4425
4481
2979
3106
1217
6463
2004
1984
6266
3103
390
1553
1930
2557
3263
1731
2241
2400
365
3113
566
3548
5919
4843
84
2325
2117
3345
3907
960
3457
6342
6498
4842
3222
5522
2813
1943
194
5325
3963
2804
5153
2021
3303
4532
2898
5632
1569
6193
2111
2842
4245
2203
4217
5557
115
4039
2789
4170
1001
4546
3073
5985
2098
1837
3340
4809
5088
873
6097
2510
5178
660
2983
6336
2972
1290
1270
3277
5311
5411
673
3028
4328
2746
918
6493
417
2619
2818
6421
1317
3465
2866
6362
306
2374
3923
4611
109
3417
3709
338
921
4763
1108
848
5879
4664
6052
4259
6358
3344
5124
2675
272
5993
81
5678
4550
2014
5332
4110
2418
1206
4538
1605
658
5241
5533
3257
1020
5292
5613
1746
289
6137
877
2003
5947
2645
4575
5929
2968
4457
3986
4144
4256
5704
4839
3109
619
3363
4160
973
5644
5292
762
2631
3086
3077
1277
5217
4578
3121
4986
513
3002
4205
972
703
5341
3889
1568
2396
4755
3158
60
4597
4488
16
3548
2042
2042
221
2993
5214
5684
1703
617
2863
6158
1256
2623
5296
5354
12
5083
596
3208
2773
1439
4615
4315
932
1839
2951
1793
5243
651
4535
4405
5207
1075
5172
5376
2335
4346
3421
4117
4160
2744
2950
3662
696
2563
6335
881
4510
4314
1238
3431
2191
4301
5182
868
667
5176
2383
1776
2391
6410
1275
6187
6464
2605
135
2612
538
1769
4291
500
522
2347
4444
3933
3442
6474
5732
3650
6378
940
4096
2559
5616
4582
1634
3197
6029
2770
2311
3625
2095
3677
2083
1908
672
5522
1008
5416
450
4882
4318
2216
3333
5706
3284
3973
2989
1622
6396
457
3612
4744
3049
3755
6487
3942
406
1305
5778
2765
4556
6028
2823
2900
5376
1935
4809
6217
1147
1007
3802
51
6411
2109
5257
1836
4267
6473
1263
4761
3012
1827
3024
4588
3174
3561
486
5602
5898
5993
4567
755
2233
3749
4467
1235
3535
1429
382
663
1487
1220
2039
477
5951
4164
4863
2769
6076
2020
5786
1590
3118
4335
3167
2761
2254
5431
1491
676
5498
4080
3247
2178
735
5880
4343
339
4442
2292
5939
1224
2872
2421
722
5245
6380
3276
2966
3927
111
3955
855
1989
5976
3994
3476
2610
3398
2155
91
4062
550
1843
1890
39
4585
933
5714
2930
3835
6364
5045
435
1676
4792
6168
4874
951
3354
6246
3348
2330
1626
3573
770
3240
555
939
3804
5138
4151
854
471
3626
1572
4420
2601
2328
1687
3405
4106
1704
4903
375
2357
2740
4222
5852
3120
5445
2489
4684
5389
5246
4630
3518
1549
460
6059
4560
3555
6413
5424
4112
1775
2445
682
5662
141
496
5048
4716
6274
3307
452
1261
245
527
5215
3325
3347
6336
1513
2435
5905
2602
2209
5468
2695
3198
3357
3532
4798
703
1918
5376
4094
5157
4562
5331
3123
5552
6322
3999
874
1191
5444
2839
2965
1634
6415
98
111
5442
4351
5599
3513
1171
3879
1288
4802
1220
4437
1294
1079
9
4081
399
2248
2857
6062
555
598
6176
3231
1001
1038
6159
4969
2606
3811
1860
6490
4764
2908
177
102
2984
4689
2496
418
3242
3616
505
2816
2027
5463
5091
6257
5901
4046
5025
182
135
4955
4913
1041
4075
5275
1425
4835
153
3907
95
1480
4011
3395
1775
5871
635
1628
386
3481
5830
1256
1972
5581
4509
1553
4240
6214
2738
1194
5850
3737
3034
2614
3363
4213
429
2999
6140
3460
516
1442
4463
1209
5730
4658
1466
305
5131
1819
5536
1032
3207
3538
2687
4356
4322
4815
1516
4240
3941
494
4614
2983
6408
810
997
1983
1635
4684
1003
1659
3276
2956
5077
3365
467
5667
3236
3676
208
1762
108
6346
2718
2434
4881
6418
3413
3773
3313
5559
4255
4505
3770
2412
4513
476
3408
5475
5437
1409
2920
6401
5048
5025
808
3531
2772
3585
1928
3841
5411
