1352
1496
389
619
555
352
944
1066
977
394
712
972
241
222
1125
280
103
834
939
863
1461
718
875
1222
266
89
1232
855
1110
1116
755
977
382
577
784
1300
1387
1172
1490
985
1403
666
827
356
746
819
1102
553
135
568
1238
837
176
459
992
220
740
662
656
855
1332
1006
809
1252
609
948
971
944
665
75
1239
858
805
793
606
914
1318
1161
958
1148
233
1062
1306
458
226
877
897
1302
612
452
147
793
568
1479
760
693
1027
1053
706
1437
845
1157
994
346
456
440
394
391
694
1442
770
635
1260
1348
1273
1232
389
1320
1403
364
1035
1360
1377
1023
468
1366
133
1015
364
893
1273
824
555
1206
943
796
615
2
79
1471
1261
607
1225
1257
741
135
537
933
1151
1372
885
186
1416
934
699
1118
1110
55
1480
1010
1309
676
1312
1400
748
642
811
204
228
628
165
606
619
677
48
166
372
1166
16
682
602
697
1104
1201
400
353
622
121
662
1146
775
279
330
765
207
535
434
1389
457
839
449
897
52
24
1432
870
221
499
872
122
116
1355
201
7
770
336
911
966
773
62
1178
1498
532
1028
411
1157
502
923
275
1207
1010
1111
410
1190
404
480
597
147
955
671
794
70
1358
640
225
1158
154
1204
137
1184
859
1231
943
609
115
1399
27
1363
672
845
862
808
629
298
1485
1103
1485
875
496
933
184
1222
149
1295
558
1412
1204
334
209
327
873
100
1300
1057
1494
398
843
1412
799
880
335
581
1003
820
62
212
3
923
378
57
371
958
908
1085
1459
1157
860
628
948
27
674
863
1103
1293
967
556
1445
805
376
881
123
247
309
122
1294
55
1426
647
815
42
1121
9
1477
236
903
546
265
715
1184
924
387
9
626
63
89
936
1306
1043
1394
1058
479
868
794
1453
563
878
1247
661
1332
1153
163
1021
328
729
469
909
1466
1491
870
814
134
1232
323
196
555
176
1209
1160
431
835
824
9
451
1072
1297
189
70
1487
1355
374
353
277
72
1312
829
1351
210
1235
572
1020
880
1409
597
47
383
688
1444
1033
980
1186
483
928
88
659
1109
42
527
228
1336
1426
1356
823
496
600
258
262
1494
712
753
1329
402
1123
888
856
475
383
344
294
142
1242
1013
213
1071
58
392
138
172
1309
461
410
1146
834
704
206
1353
836
1172
928
520
380
967
1450
75
462
1241
1168
691
906
848
876
196
1103
777
574
869
257
1009
1011
756
281
331
918
1144
205
266
1400
1297
431
799
1389
1463
1470
1169
760
976
1216
1425
189
480
1117
1192
559
1063
981
244
149
114
548
752
718
162
434
1449
92
1458
1313
134
1086
1051
756
822
1354
1223
1364
494
1054
304
334
1105
1018
335
563
1085
792
394
1047
969
225
1378
253
1000
283
229
1093
1058
993
315
67
524
574
848
616
1082
470
24
460
1458
119
1087
891
700
412
888
538
114
597
29
797
1373
1106
568
58
1165
366
638
1269
110
296
165
1079
1169
33
923
266
1183
630
566
967
805
1185
1070
515
772
890
972
1036
899
1227
349
567
1472
1089
458
867
1095
952
460
1034
71
91
1435
1469
171
468
357
550
1425
869
688
24
491
967
1412
1422
966
565
877
1454
172
223
197
878
1457
1278
247
66
414
287
1083
952
571
1207
1480
1336
1428
573
1121
740
311
132
432
1249
288
329
802
1497
497
953
476
588
41
371
1130
241
1433
252
414
1093
471
1440
1256
100
1019
1010
1194
1113
587
1258
1103
937
534
1462
664
668
561
431
639
1150
30
1061
336
1257
999
1189
643
1480
739
852
369
753
940
276
1430
441
58
256
1095
84
756
1241
115
1152
789
1116
1474
338
236
1192
483
580
797
17
163
474
1184
1059
408
1072
1081
201
974
334
1411
637
410
439
649
112
1212
841
399
764
1047
1417
385
194
760
1479
1079
598
427
1336
509
1250
584
292
582
615
750
848
1113
1183
670
736
975
101
151
1027
36
659
577
611
204
781
792
781
90
211
1331
1014
973
908
618
852
1423
43
594
1452
544
887
1128
516
1111
288
86
747
1132
730
125
364
1130
492
1398
356
1304
918
868
1122
251
819
383
1169
746
526
1265
631
731
273
815
261
42
925
807
988
1304
789
1480
602
962
1069
817
250
1100
1160
327
1086
41
1385
822
246
437
1227
968
762
7
200
51
153
1308
1372
197
106
1176
696
234
249
1100
529
273
842
1166
879
1358
533
1466
794
92
1086
1093
644
1363
1165
512
675
1362
1230
778
954
365
1018
903
1415
46
162
39
715
1365
1454
459
174
1388
619
814
791
1369
854
1491
1391
389
1019
1467
214
1138
693
399
590
1385
973
685
1444
1401
1027
364
1403
692
178
333
1132
773
775
124
204
1143
1188
416
1284
13
1404
548
618
1009
1291
263
1354
1196
684
1451
412
1177
446
898
638
230
1499
806
1219
280
422
1316
14
921
793
1444
552
913
1003
951
120
942
171
17
88
730
220
481
142
724
942
520
1007
1314
266
1171
1421
617
567
490
503
946
873
379
888
634
1167
994
1313
718
746
219
1089
161
680
1361
101
1210
1247
1310
1337
730
1105
97
1480
47
521
1243
187
636
1465
320
21
1034
509
1454
64
1099
209
312
560
1397
506
344
485
73
141
389
888
287
303
980
1183
763
1163
827
333
458
1483
1427
49
1327
539
1107
958
1075
1216
821
1125
584
1439
555
113
1427
1150
666
867
711
732
893
553
1311
122
253
1336
402
1303
750
1034
601
1028
121
1123
673
561
200
1297
827
1395
272
1171
1246
338
986
1339
33
748
566
771
294
41
916
1105
771
1006
856
295
755
837
1253
571
1069
419
1007
1001
862
1205
339
607
1069
617
496
178
1036
81
187
542
1213
762
194
1048
1303
138
163
1220
1479
1244
221
522
671
446
533
706
230
541
851
1344
691
1177
931
851
88
1136
907
454
351
232
139
231
144
1277
1268
556
1161
417
70
709
1131
372
1212
372
1250
1365
466
1494
1401
142
571
838
1251
416
73
971
914
1026
887
1419
1094
400
333
1086
234
977
1435
530
4
1014
924
980
879
1042
150
1289
831
486
803
25
380
674
442
4
1078
638
1473
359
357
1216
1447
721
814
664
202
990
1439
1246
1055
86
729
235
206
1331
35
241
937
1041
226
401
1409
1087
623
961
1008
923
361
664
710
1156
102
262
1079
1084
1309
468
682
1228
607
451
832
1188
1419
1430
1307
1191
730
1451
783
452
723
1063
284
765
1188
146
754
1265
1480
1373
493
973
922
1248
1035
640
130
728
1385
1039
766
829
1435
776
350
450
345
506
210
170
1151
1474
1299
479
163
738
1198
266
618
792
1401
1301
1453
863
1379
433
548
901
702
349
166
932
939
1144
1206
306
1227
1075
737
416
134
622
345
663
434
1285
1187
1343
1345
1121
1314
1186
94
977
587
542
754
990
776
695
396
622
41
966
1428
876
719
858
1086
1422
1030
920
253
185
397
200
1191
1038
308
904
1356
510
1209
801
611
467
439
469
714
559
993
58
137
423
760
1182
1187
960
305
1008
1357
1346
774
535
1156
397
531
995
70
105
1377
548
404
363
1491
999
1279
802
1485
1332
357
1228
1106
1386
1315
532
369
611
82
262
448
564
914
1111
26
1209
1440
531
1212
901
1195
1054
551
480
814
486
956
354
30
1079
592
148
1290
404
1455
1395
313
1030
421
26
811
764
192
1066
1145
329
589
152
1131
3
690
322
1387
1013
1277
51
1376
156
984
440
1261
955
1441
189
788
669
392
1342
880
332
155
974
23
215
966
1298
769
425
705
1491
858
453
103
1202
126
1303
1232
1029
1467
385
1028
1339
403
1283
483
842
293
777
1117
1345
727
526
1300
348
1418
1158
