1068
416
850
1018
1727
880
1861
797
1898
1382
47
1707
340
1612
159
1524
138
938
1417
659
1379
1320
827
589
1167
417
1295
441
1500
36
1500
31
20
292
1737
185
918
943
1600
1910
1887
1532
218
1517
869
445
1484
1439
416
1828
1790
1829
661
1906
1668
1240
304
411
1339
1456
1710
533
1393
1716
741
974
1473
80
1424
1421
1354
1285
314
1793
60
1050
390
1879
1806
976
1145
119
1070
1363
501
1629
118
204
1346
1669
1591
1603
1835
543
1381
834
1219
1251
1455
645
450
1950
921
1150
992
250
840
213
332
795
1881
156
1737
486
238
1584
1094
1084
294
1387
1960
1172
1096
1319
1719
1319
1900
285
418
1237
1798
1931
1135
533
1152
692
1971
921
722
914
618
304
433
454
180
1029
833
896
893
644
1368
602
454
573
673
1518
821
193
697
1672
1990
1385
42
1287
1436
1462
1794
1229
617
20
223
837
1013
1159
473
1396
1886
1239
460
1192
1709
504
1264
317
1505
498
1687
1326
826
384
706
41
3
180
1792
1739
1773
1079
1620
11
1621
1981
1682
467
1105
119
711
408
1340
754
1490
1850
779
1005
18
679
203
1545
1405
443
1098
1001
1081
786
1678
1384
1819
717
1621
217
1003
1315
715
1818
1200
1311
738
450
1389
727
1313
1273
1495
1213
1515
1975
34
1550
1658
964
1831
199
1848
1871
900
1176
1658
1866
1920
1729
1465
962
1481
1592
1439
1485
12
1837
27
1132
1696
1861
1952
1024
1456
1346
48
921
1763
100
1152
761
442
1256
745
566
1077
398
1771
271
1714
1081
1805
1622
1427
1552
85
684
1259
849
1952
570
549
565
607
523
1008
1343
575
487
523
1070
915
1946
265
689
64
1556
241
1274
1029
729
1717
395
821
472
813
1117
754
1209
80
1280
407
1584
1054
861
930
1806
988
503
1676
294
140
351
1558
909
1625
775
915
602
1420
142
172
1550
1358
1082
388
205
1851
260
808
1498
751
1533
1058
321
1296
1375
1195
733
1015
46
1898
506
1740
61
494
1477
1709
1404
723
239
906
415
692
1760
336
43
158
72
1553
713
1165
721
205
317
614
1153
207
1376
959
1228
21
825
1726
1190
189
346
653
149
153
198
1671
485
1711
1137
1810
1685
1264
384
1881
1214
1571
1440
1684
1668
1533
306
1126
1973
1998
371
1395
1887
1467
42
236
238
964
1387
777
1139
914
1305
1569
1696
959
488
1337
559
481
1471
599
979
436
156
1505
1526
819
1426
1415
1345
1683
862
90
762
796
1495
1303
488
453
1188
836
1170
747
599
742
1605
1518
535
973
1828
152
1643
1276
1946
138
1554
136
1915
1236
368
1053
1352
913
195
696
737
1101
1412
500
101
788
40
196
565
921
1110
1818
839
271
1763
898
999
887
393
766
1127
1207
1462
1134
6
1779
897
411
783
1851
39
1633
856
689
996
135
1339
117
893
1260
1378
943
1545
1536
1339
280
720
1852
1419
1301
1436
1439
927
1089
636
421
893
437
1352
1862
937
311
1198
937
708
1549
1258
35
1166
1884
149
800
1452
1521
1861
157
197
875
1682
863
502
1139
1240
1459
1221
202
504
19
803
1405
1513
914
1307
679
1340
628
1351
1492
1517
477
1425
237
853
1957
247
836
412
1364
40
941
140
1647
1035
296
929
943
1310
1511
765
411
508
864
1480
1922
472
1408
884
407
1654
954
1694
857
745
811
1361
1901
1879
43
852
362
600
3
1956
1473
1181
805
460
1479
1230
972
1536
913
284
673
874
203
741
999
395
629
933
1476
1699
746
1994
348
860
1950
160
795
1424
1987
1066
975
572
1640
274
1904
1116
351
936
1597
293
1625
1655
1220
977
1425
485
78
725
1905
185
1669
1327
1509
1126
1554
1915
282
1206
1991
1781
1602
1730
966
472
1368
589
1244
1093
1770
1905
990
1584
552
1041
430
148
935
1629
442
1718
1986
1380
1201
1926
189
404
227
1506
743
989
1140
310
13
1603
428
478
469
1970
1758
1420
1165
1548
387
148
544
654
1682
1108
834
129
1247
1777
1609
299
989
1661
1720
1814
1025
501
1912
809
1653
391
693
386
21
1632
851
1381
1273
243
1772
1454
1503
1846
711
834
5
1975
869
1715
1584
1772
699
1539
1404
1943
936
880
1617
328
1074
1822
1566
1052
1265
1218
1588
1748
679
10
594
752
1578
330
552
1530
704
225
250
944
486
170
787
969
365
238
1619
520
1729
551
1959
1262
919
1616
1268
1850
1523
1560
1663
1724
307
949
1275
295
1036
885
1472
260
527
1967
5
339
1399
856
299
1309
993
1394
1333
1621
600
175
1815
380
221
1011
762
1316
1008
1911
505
636
173
1370
811
1946
1013
2
1149
40
1704
800
603
1045
860
657
1387
1243
1325
241
1399
1568
1585
1739
1893
774
998
1851
52
222
779
1124
485
1434
1752
797
1860
1983
1514
1558
785
1673
431
408
47
408
1210
139
1369
729
340
1521
348
640
1456
607
981
1968
1176
1020
951
893
489
1794
1064
1272
936
2
1946
1338
991
1828
1745
956
1257
859
390
291
1061
1143
967
1673
826
868
1832
1206
1832
1872
346
526
454
1450
1302
1667
958
134
1239
1051
1073
1757
497
957
888
1297
1426
1285
648
638
1379
119
1937
1099
1834
592
691
976
544
247
1214
1202
138
931
132
1354
1334
838
989
499
100
775
1015
1506
1646
318
1848
240
1590
488
1778
179
1258
442
561
763
726
1074
436
1992
1287
1672
1333
1896
1159
420
967
94
538
442
155
286
1460
1392
1647
597
837
1968
676
470
1922
1944
842
943
1840
191
586
74
671
1746
1551
335
530
1005
722
1495
1367
549
289
1931
1511
1985
892
1963
939
233
1660
138
1672
743
367
615
857
170
372
1990
617
1498
1151
1341
1033
997
10
1643
1108
712
1897
354
316
137
1736
277
1728
865
1603
749
413
343
161
598
334
200
910
982
1873
1874
1252
93
1255
351
1478
1351
552
1664
1624
1647
1761
1071
1518
254
1979
1766
1999
785
1337
477
853
1784
1982
1054
532
1195
696
70
789
1479
1405
1348
79
1702
1136
1027
512
1645
0
116
1677
1070
878
853
1108
1678
1048
350
1258
577
1719
1610
1398
1553
945
1858
408
686
1388
1749
200
767
1984
1332
167
807
920
1657
1092
1234
869
504
1949
1406
254
126
399
1351
775
1510
1453
1963
1933
1995
697
892
1836
1767
674
67
830
233
858
1762
1840
1045
146
1234
1042
406
1156
1611
138
1151
1901
818
822
1247
885
812
780
1666
588
1009
176
1028
1747
1436
1794
1968
228
1951
1392
311
1631
1667
1119
508
771
252
466
300
533
1723
1909
1868
1599
222
1097
1130
808
66
507
389
764
697
1363
1705
872
1190
1958
434
244
340
249
498
1357
119
1043
269
750
266
493
1969
1946
1127
520
1668
457
902
539
774
845
973
1112
725
1407
597
890
318
171
109
1373
305
1477
839
394
654
1478
97
1806
828
1255
46
230
217
552
1107
296
683
1470
1374
929
1828
1927
1840
1959
1652
715
1243
762
1128
1057
1878
668
1393
250
1613
1897
976
1983
709
821
1117
738
1342
1585
726
275
82
554
1188
1858
1770
766
1354
571
95
939
855
403
669
246
442
93
980
1317
997
1498
904
378
667
1403
1689
412
563
84
573
1939
846
430
1464
1808
1189
505
1006
279
1515
1181
1583
1178
593
1019
1761
547
1561
1445
1036
317
547
470
238
879
3
703
1054
199
435
175
1998
671
388
222
1674
1375
512
1911
1358
1103
987
560
180
966
1400
807
601
1652
1000
1051
897
568
1309
211
769
47
1708
399
1899
1178
1953
633
455
202
1676
1639
1436
283
1946
1425
398
1626
1535
809
369
1732
990
891
683
13
59
579
1416
74
1815
406
1911
395
667
158
1986
1896
272
21
747
535
555
685
641
984
294
617
1762
1949
1833
1020
1210
1241
1608
1308
1882
531
1078
1458
1396
855
7
465
403
521
1539
577
1767
1623
54
631
1997
1723
1588
1491
846
857
1642
661
446
1211
815
1356
1268
1175
90
1245
1178
777
685
1164
1850
1970
255
1626
1528
1661
1768
492
271
906
901
739
1619
1129
923
173
982
1924
1960
1256
1526
1241
1317
1934
1507
899
1672
1410
1790
580
1845
757
1565
17
1236
1300
316
1114
1439
1170
1997
644
1330
1918
0
1317
405
1569
349
1756
629
966
1054
1162
1486
198
810
1713
1221
1327
876
1495
1729
320
626
566
1146
659
65
260
1930
632
742
1978
145
1098
1976
980
1940
417
1769
244
581
755
138
1026
1901
983
1694
820
790
520
1879
582
1686
594
1117
247
709
1068
1197
1440
15
850
190
801
1621
1469
1855
601
1470
1665
1179
401
1260
1876
1439
646
697
1318
994
1906
255
385
979
774
1718
1214
257
710
1177
1041
851
241
1570
1187
152
1787
1284
474
280
1753
1895
279
1994
1592
1485
603
847
1674
1555
839
523
606
500
1134
1476
1194
615
441
130
888
1993
872
103
1019
1797
1904
856
1293
1376
1221
1593
1830
1137
277
727
683
1837
1438
1343
1712
1601
717
1276
811
984
244
398
1127
1517
1255
437
433
58
148
860
1699
590
1660
1123
235
798
658
437
775
1042
1295
905
815
960
1744
627
1918
406
1613
202
1999
800
102
1749
1232
1130
1420
302
1205
640
1273
1800
1564
513
733
829
665
625
678
864
766
1997
1419
2
1128
1482
1205
224
1912
406
1194
761
1148
1168
88
333
1354
868
1787
1696
1592
1534
363
686
1403
1584
1524
73
795
1151
1987
1630
479
871
1306
1030
1418
222
1313
472
1953
1734
922
155
391
1660
334
1626
632
558
568
160
62
650
494
1842
1107
1265
200
1580
1012
746
1855
339
1390
1603
1299
1386
1161
1666
1784
1585
781
937
1102
1303
1732
1384
1212
704
1966
204
217
1361
827
118
1030
1896
1385
1239
1851
745
1290
359
381
835
1104
1701
520
1634
40
1352
1359
941
1185
1043
861
175
423
23
1431
739
1265
1731
960
1432
1459
1959
952
1732
1760
1286
898
325
1103
74
417
34
841
1633
606
1441
1101
1844
360
1041
1824
697
489
1527
948
1246
929
791
452
1478
130
200
1785
33
1911
1770
1148
1715
913
1011
761
6
1647
1300
316
475
1433
619
442
492
1753
866
671
637
1895
1652
959
81
736
1168
667
217
1794
1846
387
1543
1991
878
1666
1825
379
1816
522
321
795
430
1357
1976
60
1557
1077
1763
1365
1779
225
1014
1435
1514
1820
436
1847
1490
171
1089
885
1861
1907
1423
1196
596
549
1988
1989
823
1719
173
1993
66
1968
1595
1900
755
160
908
1088
1431
1290
517
1656
1612
1567
1163
1786
1857
1735
1
1279
1322
542
27
234
880
1290
944
1298
1861
261
1775
1742
1317
795
1129
1468
1752
16
668
