4695
7937
2080
4027
4500
26
6862
5644
3440
4805
6383
5889
1061
5064
2893
3222
5042
1596
3048
1270
7463
6986
1555
5518
7184
4245
4652
3198
4348
1206
7798
809
2600
482
917
5932
3661
1257
2341
1515
7875
2263
695
7111
7952
3197
5672
4588
7122
1290
416
2054
4804
3090
5988
7315
5488
4849
921
5460
6065
2633
2518
5341
7844
934
5732
2252
171
579
1813
7766
5021
2854
5245
1213
206
614
2386
989
2934
7053
3420
4966
5056
4504
920
804
4337
1243
4207
7098
7475
3713
910
5422
2174
5041
2530
989
1698
7245
689
1551
4338
2772
2136
229
4432
2599
1757
6639
530
6441
5488
4954
2766
4351
6787
4423
6856
5175
5890
5110
4788
5380
3441
7393
3497
7655
1826
7013
6565
6122
143
4827
7031
3015
4761
4806
2381
1893
3230
5604
5466
578
5041
551
3619
2220
4537
1662
3751
1705
7719
3788
3945
694
5397
250
4763
2412
5112
2536
6569
4607
2754
7870
2271
417
2135
1825
7671
452
745
66
1603
1020
6066
1808
1907
2242
4557
461
6276
4053
1010
830
7750
4858
4108
4348
7495
7845
3641
3496
1441
4400
4829
6012
4061
7048
1059
7164
7683
5991
3410
5963
640
1275
1927
1049
2546
486
2965
2746
2258
6175
1653
5010
6846
6581
7404
2733
2018
2100
1016
4011
6530
6432
5814
7064
5479
4254
3027
2202
420
562
6188
5123
2436
419
837
839
2643
5947
7651
7303
6085
7851
5127
4875
6214
2379
3463
1295
3038
7038
7050
2612
5056
7732
2847
7127
7793
3657
2490
6399
5456
5450
5837
2544
6662
7000
5504
7580
5962
4966
1100
7865
6929
5981
4601
302
209
222
3762
743
2161
103
962
3144
1359
4495
877
4029
7085
2091
685
4464
568
6803
7560
1684
7223
5759
7498
4703
1997
650
6372
5012
6698
153
6817
3198
1364
5077
7425
568
4814
1107
5364
617
2018
1557
4276
334
4560
7018
5183
752
1171
1456
6448
1972
2252
2746
4153
5585
4174
3852
3392
2908
2693
3011
4243
3647
5251
4370
3848
2120
105
5735
1589
2205
1134
4203
7304
3854
2255
1769
2053
5315
4243
1862
4571
84
890
6318
2529
5943
5377
1616
4402
1876
5397
63
1569
1205
5586
1337
2843
5913
6390
5125
984
1064
1126
2485
6077
3968
1949
6091
5394
2605
941
6264
859
3320
1139
5119
7445
5974
604
6585
5838
3329
5453
177
5921
6693
6452
1263
2702
752
6121
6418
2610
7180
6528
7638
4327
5097
1133
6518
3834
2995
1364
4907
4869
5347
7469
1234
3049
7474
4689
4011
1258
3239
5539
1406
103
4433
5469
7704
2484
5201
1462
4083
662
4943
109
6195
3482
1741
181
7565
1938
6360
2109
6210
6637
7322
539
3145
2802
717
6356
7243
4441
3850
7178
3016
7430
4288
5379
3479
2467
4992
722
1034
1240
7604
6948
5488
3370
7856
5865
1587
2797
4256
7516
7330
3239
5153
5617
7050
2179
4205
5339
5053
7791
4526
6583
1204
6674
7539
4568
5072
1517
7360
4719
6524
6733
5055
6231
367
3946
5205
3131
3342
2720
5328
3109
7854
7431
1084
4067
7031
1905
981
984
2148
3967
4118
604
5734
2464
1520
5073
6505
40
3094
1155
3246
1417
501
2299
5207
816
4865
3233
257
5694
7659
6731
6475
7009
943
3750
1590
2959
1353
5823
6821
7519
1543
1007
2947
6275
4794
2465
6723
2086
326
321
6850
5854
6681
259
2762
2254
1720
1997
5424
3227
6837
2114
6685
2121
3005
2156
5737
4593
2894
1925
3427
5281
4933
5795
4525
2640
5077
4861
5060
6332
276
6814
7262
4514
1455
1764
7724
2969
7038
1269
4991
332
6834
7424
3207
7186
2411
2091
6390
5292
1895
6558
2114
5594
6868
7915
7114
4058
1606
6873
6800
7742
5443
588
4069
4649
1532
3602
5026
294
5335
6732
4754
6052
1895
1783
3565
7122
957
6678
6271
1683
1752
2750
680
3230
439
318
6140
3958
463
7272
5386
1984
217
256
6394
6278
5315
2689
4944
7943
6150
6662
6093
376
5015
5468
6516
4635
3383
7393
2986
5691
6693
4696
502
1025
5492
3789
745
3062
2487
415
1111
1366
1944
7599
5571
6733
3784
5988
3545
6801
336
7896
980
3803
2118
5026
4672
5955
796
3648
5081
1399
3603
4065
5779
3799
2765
333
435
753
1535
4210
6554
3860
5701
6092
5346
2771
3791
6127
6049
792
441
3892
5515
1890
953
5246
3508
3740
6833
6696
2930
987
7781
2317
3297
756
3974
1203
2496
1464
45
2900
4024
5774
6819
2763
61
6187
3613
4888
717
2608
3013
2960
534
3743
4275
1572
2228
3131
954
971
472
5308
95
3343
6468
5228
5093
4593
2418
2337
5892
3450
4821
5399
5944
5472
7543
6889
693
5905
1
2988
887
7518
3097
1961
6328
3847
293
6516
6587
3871
5551
3309
70
2588
4129
5715
3564
6461
495
3776
6536
5336
5907
4293
70
6591
1268
4642
5403
5966
7392
4450
5269
3284
2808
2641
1036
7324
747
3547
5240
5911
3226
7043
7772
5543
4763
1340
481
1354
2266
7016
829
993
5465
362
1298
4444
1943
618
6291
3397
15
6565
5921
5733
2199
6125
3956
6999
745
4228
7220
5671
4735
4561
2344
5669
3159
4477
3525
844
406
6381
6568
4618
3849
3420
5216
4332
582
4691
6754
5032
5617
4744
2911
6598
411
4177
6643
43
2052
6787
436
5123
7553
1003
1451
5578
4601
7080
2399
2552
1545
3364
7372
1031
1671
7469
2163
1442
1252
3828
3787
3115
1067
3168
1173
7529
2470
4112
5965
3085
1567
3436
7228
3039
2628
3686
4203
3402
6308
4435
1138
2304
3926
7392
942
779
5752
754
2960
2034
597
94
6162
5956
7840
2626
1797
2500
5277
3966
2887
4528
5343
6802
5392
2544
5420
1494
3691
6296
2300
4368
2433
4890
5408
1013
6288
2123
6784
5375
571
6992
7741
5415
444
6501
5365
4736
1077
4425
2596
4144
4067
1610
4519
2251
3699
2984
1885
6861
1583
2089
4454
1524
145
5945
1613
4472
4472
4795
7810
6184
2232
1648
4032
7011
1612
5506
7949
1199
295
6766
288
4089
6248
1421
1692
7337
2091
5949
1083
7713
4347
880
390
1811
4646
1489
4992
5052
3242
7694
1827
6081
1867
4678
4802
164
5638
3793
1677
2019
3487
6758
3251
5805
7319
4333
2018
6338
3066
7010
7786
5286
468
1250
2495
4737
4227
598
3805
1814
3304
6713
5254
5406
6967
6215
39
4736
2670
388
1240
752
4899
7269
4610
6753
2294
7967
284
2024
5861
5963
7950
4015
3517
307
4598
3090
7342
6204
6728
6041
504
6383
7120
7379
1410
3493
4243
6411
7113
1999
7571
7082
3701
3936
4018
4521
327
1559
3182
4400
303
7276
779
2256
3643
3990
2958
1562
1385
1015
2789
2138
6557
230
356
819
5678
2198
1898
1112
3610
1895
226
1124
1818
6921
2789
1239
2513
1353
381
2094
2974
2554
3525
2718
1616
4865
7148
492
6073
1340
1624
236
4763
15
678
3732
3839
2509
2256
1083
5797
5888
2216
1652
2902
7958
4161
6593
3669
6504
5613
7414
5044
2151
4064
7724
2818
5925
5235
1374
5474
4734
133
7843
7223
2401
5116
1224
5115
1086
553
6729
2031
2894
6537
748
4525
2362
5672
1275
1369
2473
5153
5596
4086
4457
5504
2894
4500
3193
1928
770
4519
5552
1808
724
1012
5070
1416
4068
5604
6110
1241
4950
4347
4484
7850
5794
6114
1385
6784
3864
3680
5055
3965
884
4711
4083
7497
4953
267
6319
782
7406
7822
1033
5277
7186
3286
3339
622
3005
4608
607
1540
5812
5453
7831
7855
3304
2810
4375
7915
2028
4014
7904
1702
7633
2253
5497
543
7009
1962
4219
1962
4852
6617
7034
464
881
4641
4939
3603
613
7696
2487
655
313
3433
4475
5115
787
6713
7736
7311
3276
7048
3261
6848
7305
1514
4143
871
5496
3829
7891
5823
3497
3533
6328
3149
5254
5978
3396
2970
241
3547
5209
1180
6009
3412
2595
4339
824
2403
2752
6735
1547
2929
3853
6126
1647
7491
3594
5123
4468
1136
7785
4402
3169
2669
888
312
3685
7044
4519
5544
6965
4004
5752
656
198
6353
1348
3642
3625
2556
6692
5582
5950
7725
3970
2517
2838
3292
1724
6936
2729
2016
1777
4967
112
2687
2604
2229
6561
2596
2091
801
3013
6958
4043
1551
5687
932
465
7029
2171
6663
5591
6642
7224
4992
1489
1368
5587
6137
4795
5898
554
5768
993
5825
2602
5893
5898
1129
4878
6588
5826
4328
5108
4222
3203
1022
5277
7250
5567
6855
7361
3721
5261
7454
6925
4399
4141
4060
2299
93
4793
2750
3595
3436
5163
4196
99
5764
1925
2934
3008
6226
7713
97
3096
6808
1621
1343
7310
1502
3330
2453
6673
966
5626
3317
466
61
7179
3396
5728
6414
7276
6742
737
7440
3715
2101
3631
2816
1617
3585
6220
5097
635
1265
3908
5439
3254
6135
1118
5900
6477
5442
1790
6466
1746
6365
2522
5230
2719
565
2711
142
7880
3576
6783
3833
4767
6552
6881
316
6562
1262
902
1926
5829
4732
1035
4345
5976
5707
800
7904
2518
4851
6427
4224
5001
2873
3578
1159
3996
2642
1844
673
383
1158
4026
2666
2417
3760
399
2238
5421
6946
5185
6891
6515
6117
1347
3464
5937
3613
1640
351
6414
7627
318
1733
2260
877
6149
7499
952
6016
1418
4941
4742
3110
1829
6631
3245
7650
6155
3272
6757
2303
1681
30
6712
5904
126
2289
1844
1043
4491
5132
2540
2607
7865
3797
4133
2845
4367
7934
2020
6947
4015
5844
210
2554
980
3701
7241
145
3691
3807
2365
490
266
6499
586
5411
145
5880
661
7119
7132
939
1378
2819
1058
3636
4402
301
5485
6756
6551
3101
1462
7419
1238
4264
6172
4503
1910
3297
2497
7430
5483
2760
5569
5564
6618
4863
144
1696
7945
567
1967
7745
7397
1002
715
4134
1006
7041
7794
3266
3779
5525
7282
6086
2822
2834
5712
401
6251
3896
4578
451
3362
7739
3914
5871
5727
843
5583
4014
5826
5870
1049
4752
6376
2760
6345
4846
2893
765
819
4763
4188
1581
4921
7801
6166
2398
7493
5735
4954
7672
6178
5592
7446
873
376
7615
6091
1704
3618
6566
4342
5271
4846
2142
7200
7874
7152
5265
5508
6597
6403
1011
24
1033
861
471
250
5550
1486
3806
3640
7877
6165
6538
3324
4532
6367
2865
3922
2365
1885
5708
4760
1624
7744
6767
513
5948
4244
5843
5893
5373
54
7759
425
6159
3060
3686
1254
3688
3775
5625
7993
4868
2767
2525
5446
2178
7316
7623
5418
7788
6676
292
7900
5076
4133
1861
4542
3033
5641
7864
7494
6409
3553
6322
3587
1120
6032
3112
1999
3503
6893
636
2256
5592
356
1428
3754
3893
5354
391
2885
5465
3162
5105
3510
366
5681
1894
3212
957
4834
835
5050
6093
279
3168
732
7842
3846
3041
6887
6887
7339
1964
114
5606
7655
3381
3419
6899
1397
2932
4055
1193
197
4088
6170
4556
1783
1430
351
3854
4853
6265
3413
7661
3565
6621
1446
7609
3178
5015
7460
4531
1870
5644
6930
5585
942
7106
4365
991
7754
19
3222
2431
5735
61
6012
1361
6859
1239
5482
5037
2709
1183
5643
5389
3190
6510
4245
584
272
7052
1209
7161
4265
5664
5542
3902
1484
320
628
6236
956
4199
6964
2368
5782
5508
2321
5217
5634
6319
4194
2625
5333
4406
784
3025
5831
1750
6047
820
204
389
1946
6940
1808
1580
4831
273
2324
1907
5956
4304
2528
7540
997
5456
548
1297
3596
415
5743
7265
7611
1963
971
3141
6808
285
6835
1113
7670
352
753
6342
5436
7680
600
3829
6324
7597
7899
158
1714
7582
7625
6526
6558
4818
2726
1511
2145
7857
6439
2033
2088
6098
5001
5262
3352
7830
2894
764
142
5745
341
5971
6929
5705
3989
6078
2263
630
4534
5382
6449
5930
4555
2506
2963
3370
1904
3979
6084
2170
4861
932
4958
5399
3556
1815
6915
2526
7213
4609
4444
7114
1866
3056
6671
1627
2073
331
3709
849
5751
7279
1524
279
4987
6939
5112
6461
7574
4097
7273
2910
1925
2941
7441
1825
1584
5665
2444
7322
5219
2607
6996
3728
5798
5152
1897
3482
5626
2145
4249
5794
7539
797
881
2571
7277
1973
0
2927
4524
461
68
3073
5908
4096
6772
4690
2817
7667
7849
111
5252
3527
234
5031
5627
2088
3155
6313
7308
2818
2656
2252
7486
6292
4635
4073
1075
2397
3936
611
4102
4146
1546
6983
4349
2481
7036
7182
3243
272
1486
5311
3557
1679
5393
817
2334
6540
5121
5935
6370
5109
4102
7924
2923
1815
679
853
3172
6805
3468
4414
7991
4981
6189
1492
1173
7061
1565
634
6018
3003
7277
7983
4121
3849
1214
1557
2404
5455
7847
2317
2768
3579
1151
7037
1296
7467
7303
2227
1553
6499
3959
7395
4565
282
3811
6668
4143
879
394
4473
3993
4793
7995
7716
7541
444
4965
3381
1439
1911
4985
7272
171
1754
5182
7628
128
6228
177
7655
1168
3595
1878
55
5043
3877
4639
5331
3167
4099
7992
4400
2630
5710
1453
2688
140
1193
3385
5813
4964
5702
4204
5412
7558
5204
7479
5124
6158
1686
3863
3669
4980
6863
4380
4317
7396
4890
4821
7373
826
7766
986
5187
284
3902
7926
2921
5171
7062
1135
2874
838
4481
2931
3045
2421
2032
6752
1354
3600
7413
5359
545
4946
5493
6718
4154
189
7164
506
1503
2579
5291
7462
6997
2414
5452
2954
7937
1917
3782
7738
5864
27
3628
4289
1295
7373
7983
7019
4801
152
884
2156
7471
2877
6464
2480
6449
3923
6096
4096
1195
5887
1478
5070
3275
4113
7229
5725
4910
3582
6525
2511
5282
4982
7498
3660
2566
1186
2967
7693
1934
2620
6936
5506
6883
4874
4661
3302
7911
1720
218
5213
7126
2321
5163
1542
3784
538
3349
5667
2387
5323
1856
6690
5965
4970
2336
6024
5934
7238
7851
2745
7188
3918
229
1510
6817
7756
5783
7635
7167
1
670
2052
1220
7517
5151
7427
4528
4379
3096
5905
6739
7415
5522
3303
3468
1485
4339
2151
6124
6864
4655
996
1208
4515
7135
4810
5133
2135
5162
6060
6558
1666
5535
2280
4122
6008
4005
4281
4585
6185
1993
3993
84
1623
823
2129
4612
4017
6788
4766
6114
7633
7144
3138
6558
4559
1097
3172
6475
5120
4914
1764
1576
3855
1122
7040
4986
4725
3137
3676
5332
7704
1390
7281
5497
702
7987
7701
2328
4844
6810
1442
4981
2655
6937
4358
3689
1958
2600
7847
6144
6490
7348
3568
1536
571
5292
2941
585
6185
1976
4255
24
4796
1545
12
4773
7104
139
4262
1965
2064
2615
4390
74
1997
4486
869
1213
4220
2368
4231
1422
6266
2354
6468
7306
5532
3134
1300
1900
487
5389
3831
1622
1128
1119
3422
7358
3058
6850
1657
7078
5298
1185
1822
4419
6640
3572
1683
6655
6820
6229
1016
3930
6579
5875
20
6507
7877
6111
7482
4613
6979
708
2007
757
7794
4979
5211
6055
4199
3932
5954
4072
1638
5850
5502
5766
3739
6309
3587
339
2164
6635
6574
841
6105
5880
4243
3527
1865
2129
1825
4281
1682
6881
5492
5463
1709
6411
4600
260
2803
5406
7092
6230
1664
5734
7034
501
5475
3679
1962
6108
831
6533
542
189
1857
4615
2421
3713
2621
7321
5631
5037
3560
6185
4162
2336
172
1065
6183
5625
4588
2059
1988
4821
4308
4619
3527
3317
5211
2214
315
7999
4120
4264
3578
6683
3198
3747
6256
5566
7862
7931
7431
1795
3479
7583
4532
6773
4677
594
4766
2537
1571
6183
2662
7944
6134
5067
4695
2347
5591
2556
1900
223
1364
4568
7736
7496
5669
3792
7542
161
6598
6843
6317
5537
4149
6407
5504
6265
4874
5322
6416
6906
5678
3958
1230
340
5817
2347
6752
3578
7596
1127
5231
865
1352
1433
7947
2790
6345
211
1276
4687
3138
6813
7206
7721
3094
7461
6807
4433
7568
1429
7793
5775
3360
4605
4271
7645
3635
7599
5973
2373
1773
3178
2616
6184
5574
1070
2471
3995
1470
5422
7989
1451
7934
4452
100
3201
4365
7614
1264
6689
4907
6582
6517
7116
6350
5183
4413
3014
2614
1627
3050
2994
4655
2378
4476
1689
4067
2716
2816
5513
89
7848
5974
1946
78
213
5405
1676
942
4757
317
7244
559
6898
1808
7509
6859
1216
6126
435
7640
4530
4883
4387
5829
5193
559
6167
4595
5799
267
3478
2669
2626
4627
6143
774
5364
3588
3053
4110
3311
4210
1974
3312
2829
6646
5774
5611
6021
3188
3465
4459
4538
7045
4926
3843
1325
1413
263
1610
2707
5178
1828
7247
3842
4383
1791
4794
7428
3021
7242
5632
3982
1093
388
3010
6027
668
2011
6083
3281
3075
3948
7108
4213
7090
358
4286
1658
2161
1996
3963
7908
4995
7897
5970
2539
5423
1405
4925
267
3692
4550
4440
2424
5224
7578
6393
6063
5045
1184
3110
552
6673
3455
4535
3752
6544
3518
7177
4722
6312
3659
3100
3613
217
4375
7882
5889
3319
7390
165
2507
149
4868
1643
3312
4944
6683
6440
2494
4469
2818
4521
1422
4432
3879
6232
470
3026
1388
6649
91
6685
6951
6592
4867
7792
7620
1740
2504
2154
262
68
6729
7036
170
4877
3451
560
44
1509
892
4048
2531
3615
7560
6324
5575
5179
1028
6700
5075
2529
5112
3078
2309
4154
2458
2684
3395
6252
1605
3773
4760
624
4297
5142
4379
6033
4060
7997
7216
3138
2925
6138
6632
540
6105
7539
7364
6388
1143
3922
5143
4566
6094
5524
6601
7712
7846
4529
2359
2940
6459
2020
2360
1339
1998
3926
1851
5387
3735
1195
2508
5781
4053
3496
6773
53
5893
5374
1729
1815
2737
1208
1756
6314
5663
2174
534
644
3562
4228
4294
5010
2607
4050
7563
3962
4574
7152
46
7695
4592
3437
6307
3312
1975
6476
6382
1470
3153
1420
2339
759
4470
3347
518
5556
3633
6646
80
3323
2220
551
1363
3906
2595
2172
4341
5953
699
3224
1048
5042
4843
7672
4058
7464
1880
3868
1976
4169
959
1871
4301
6506
4876
4885
185
6021
5447
3057
3740
4889
1454
1296
5762
6687
93
5333
3417
996
5674
1346
221
7304
333
3520
84
7633
6908
6219
949
6124
6998
5116
4388
3522
6517
3764
3480
6707
2726
1826
3102
3314
6773
4082
5814
2749
5921
4563
5595
1911
5102
7906
6881
4067
26
7160
118
7423
5415
5517
6730
4091
4375
2887
4107
2773
182
6563
265
7314
1745
7742
6073
7002
1284
2177
6805
4657
753
7463
5920
1550
333
685
584
7578
6804
21
7268
3398
6749
5014
6044
713
1672
7267
3687
885
3731
5654
2863
2933
2956
1977
4114
2085
4385
433
6146
7374
7507
2184
1292
6204
6537
4117
3894
7614
5057
7882
7041
1978
2529
5274
5901
7402
2411
6085
5852
6967
7567
4673
1262
7088
2203
3655
4492
7847
7566
6839
2337
3496
1226
1512
4674
1943
4199
6608
5007
805
740
7245
2865
3951
2680
846
2819
2483
4935
1568
269
7151
7600
1433
4843
5080
6979
1499
780
1844
2704
5829
2966
7700
4762
5500
4775
3698
4651
785
1911
6691
6465
2704
7257
312
6374
2916
224
1591
3933
1514
1438
561
5048
1616
200
3456
3911
6313
3893
6559
5355
6033
6149
7782
7368
7736
4894
4448
2904
396
2514
6346
3421
7239
3485
1131
430
4242
1866
3211
4147
7125
5492
5585
6572
156
2090
2364
107
7079
4908
702
7714
5198
7954
3504
2263
3919
4300
2102
1588
2614
324
817
1018
7975
5344
90
7574
4299
931
4353
7372
7829
7603
1699
6416
1392
7413
865
7731
2823
5716
3683
3514
5424
7265
7560
2059
1142
7253
8
4289
1921
7729
5865
2911
2980
7558
4059
5792
7875
2001
3376
5164
543
6782
6650
4647
3968
781
5123
2212
574
2514
1443
1527
7467
3798
2818
2792
3232
4315
683
3076
2467
3773
4424
3661
2354
756
6336
5201
7534
5878
3050
728
3431
6458
6956
6583
1216
1366
4020
4609
6975
7241
2514
7133
756
6037
2737
883
4098
965
4465
4352
3535
5069
418
6858
4356
1422
6814
3181
2945
4792
6659
6035
4001
4682
6347
66
868
4981
2251
911
2687
5278
261
1072
4477
4675
2537
7407
7376
2485
5871
2427
4536
4611
6282
2585
7119
5367
6281
1143
1710
5882
5647
481
2752
2002
2477
2893
5793
140
4121
3024
7858
2613
7118
1203
5564
1730
1663
1057
3134
2511
7096
6711
6997
7492
2452
6206
4934
2772
341
1333
6251
5407
6755
774
7864
1656
6628
2779
4394
768
6836
7050
3915
5617
2177
5932
2212
3767
2758
4299
4991
568
5922
4153
663
757
6420
4285
6110
4616
1366
4905
3243
781
5651
711
6271
4381
6149
3122
1458
1718
6959
768
191
6774
1140
5213
6760
6790
6995
5043
4423
1492
6784
1669
7539
2040
480
3227
2123
3512
7008
2392
1698
4135
7345
6183
5639
2024
612
20
1263
6096
1183
7479
4162
5481
5370
5578
831
7699
505
5980
652
6790
7525
5791
7454
7282
7497
6107
2689
3335
262
6149
3012
4305
1812
4778
2629
4218
5269
2374
1109
5299
983
2930
7815
4206
5543
4409
7578
7555
5516
5899
6656
5874
615
6794
970
1352
3493
5762
6003
794
6686
374
7302
5998
2381
4501
1708
7994
1772
1484
3478
6852
748
3189
451
552
3470
556
2670
6456
5537
322
1368
189
280
7691
301
1500
7431
530
7382
20
5754
621
7002
3492
2994
3435
3057
6218
5245
6313
743
5413
3569
196
2090
7740
7813
4456
4976
1047
6411
1415
455
2379
6222
870
5562
3028
4164
6609
3421
4634
4080
1135
5814
4694
2583
3696
456
7310
7324
7778
6141
2428
1210
3427
4719
4749
5598
3889
3859
7173
4255
2270
7874
1407
5723
5023
4325
722
943
1539
317
2128
7826
6272
3853
3496
7951
5864
4132
5803
733
4476
7051
6699
6556
5015
7559
5120
3054
4875
5003
5156
2672
1993
6013
254
916
2297
5923
7676
6492
6762
298
2777
5685
5603
5907
6142
4846
1944
186
4165
6291
3192
6788
4312
2474
7907
2405
7416
2953
5625
140
1882
3090
7054
3307
4971
4685
5626
6694
7412
480
6028
7511
6873
6829
1950
4028
1532
1416
3971
6974
6655
1812
2973
1887
6310
2105
1612
4287
346
323
1281
1546
2313
7194
2608
3393
7019
2906
1572
2468
7392
719
2860
2489
7541
1294
6387
1212
2246
5618
2797
419
1021
370
7854
3277
5240
1564
6741
3014
6601
5616
7589
7609
1943
4123
3380
4083
7201
847
7355
1616
2531
4411
7054
3012
6353
7340
1703
840
4096
7360
411
2526
3172
2
1390
6979
52
3943
2434
1585
5354
4004
7594
1998
2790
2602
3100
7284
4530
3199
5509
1822
7392
6906
951
6379
1104
7131
6718
146
6862
4485
784
1635
1112
1113
1378
5046
1853
7151
2583
5234
7712
7667
3987
6716
92
3354
5166
633
7618
5568
5
3778
4157
5536
362
7716
6871
6447
7995
7440
7444
3605
6480
6821
3132
969
3662
5528
4022
455
344
2878
7888
4913
3750
2294
3611
5632
429
7478
3251
3941
6846
1648
2205
3328
3179
160
2633
3067
2531
6069
1846
3013
3103
5337
565
6375
2613
4831
3781
6276
6986
1673
29
753
1637
6578
1865
1199
5854
7518
4780
2561
3061
5404
3364
2862
511
6742
7178
3541
3130
6133
1688
552
2434
1843
1382
5895
5981
3198
6925
3513
1136
5958
6060
7497
2197
2404
265
4667
2436
6502
6031
2601
2989
1339
1589
7167
552
248
576
5455
2052
2820
5791
6162
7996
6438
3892
3324
7944
5993
7666
699
15
2154
481
6795
4153
1406
766
1528
3619
5634
7168
1010
4972
1984
310
2182
1580
1018
7628
1023
5701
4375
3693
5976
2257
6375
3266
5532
6075
6485
4824
7516
3305
616
3935
3469
6615
6133
3790
3708
4159
5221
5604
2734
3444
671
7498
1432
975
7442
85
7351
4288
4576
4839
2957
2374
1386
2293
5306
4025
1460
2531
7795
1476
3573
3978
1377
945
7934
6108
5400
5021
6148
5087
3954
5322
6092
6293
264
1363
1778
7997
5324
7482
7317
4401
1926
6749
3170
1904
2345
2120
5180
694
273
36
837
6024
4828
6348
3148
4428
5730
2240
6291
6548
1042
498
6907
2171
2538
5374
4814
1128
6930
4087
5097
2416
7126
1309
6020
152
1727
2858
4640
1271
140
5771
4427
6074
7570
6636
5779
6466
5805
4524
7941
5480
290
7920
6944
2016
7827
3411
2075
5755
1437
6651
1040
3910
6290
2119
6788
6032
270
7140
4563
3593
2104
4799
6845
1990
3671
1301
4359
418
5774
4006
6287
5310
3254
2951
1392
7272
342
3671
4749
2329
5185
1161
5054
5400
6541
7137
3989
1981
2155
7994
76
6800
5416
835
3788
2064
5503
2826
1052
3343
6040
7024
5604
2362
7329
445
7453
4407
1096
3532
1112
3367
2706
4263
4455
7563
6683
6893
6828
3459
4906
6320
7804
7792
6192
219
7471
379
7390
4432
4358
4527
1184
6992
5690
578
1721
7444
4125
1457
7548
376
2543
6665
3812
7319
1920
4737
6737
3122
1020
1092
6623
1545
7832
4174
6629
1868
600
876
711
7339
7482
2341
3577
3658
6466
7351
4624
6416
4195
5178
5894
479
4167
4386
7882
3294
4476
4256
4674
6449
7355
7783
286
5002
213
1420
1626
89
4732
1734
6544
7647
5227
7381
5815
7968
1779
7488
5820
2359
419
6390
6971
7683
4436
6422
2842
2367
5006
842
5826
7792
3162
7310
7547
5751
2790
5391
3491
5510
6350
2350
3531
623
6797
7459
5551
984
63
3327
2703
3723
4050
2057
430
3562
6153
330
5798
6592
2092
3301
1254
3634
4304
4382
7946
4884
2878
6715
1813
1816
6019
2503
7054
2593
5012
5811
564
3573
5147
280
4318
3217
2466
1432
4660
5591
5979
4130
5188
1763
2825
7571
7490
1723
1231
762
7967
5924
4499
2164
5764
2577
3023
7542
2923
951
3188
681
7514
380
635
2544
6718
7949
1289
3525
5920
463
5373
3201
2246
2093
7962
3962
3240
7824
3916
4486
6221
4653
1689
7902
2754
1912
2853
3039
2487
7542
545
6954
2230
4464
2770
2218
5953
4867
57
885
1094
4820
485
5580
3265
2338
7121
1917
6767
2292
634
232
6826
1841
194
3486
806
1934
6650
3236
1094
3809
4112
2456
3100
6101
3476
3307
7356
3895
40
5516
3195
1132
5252
7590
2121
2245
3364
6143
5864
1131
5839
7105
6088
7541
3843
918
5633
1560
194
4972
4076
6014
6451
7128
5278
2479
4343
6423
1026
236
5385
751
6482
6875
1681
4339
1714
1884
7941
5094
5225
7097
1532
1719
5501
3452
1873
6571
2857
6939
4144
5017
7741
2575
2816
2510
7891
1795
1261
17
5609
615
5201
4096
3744
1315
1214
7961
5072
105
7018
4693
2757
7523
5624
686
6747
7436
5407
7106
2801
987
6073
2447
7885
5721
4842
4574
6988
724
3883
1021
7108
1516
882
3556
4728
1610
1280
3898
7031
5297
3142
6063
6225
5484
6837
3209
6903
5159
4897
4605
7598
5146
913
6067
6256
672
4133
4397
3615
2982
2212
1664
6566
5822
4130
576
1903
1683
1290
2938
634
3639
4110
7322
4256
5208
7656
2989
1765
1426
3531
5121
5363
7902
3435
2857
1593
423
742
7581
224
3389
2829
2750
5157
6627
787
7286
2903
7235
5457
702
6575
6337
5748
5497
3911
492
3012
3518
4665
4753
785
4211
661
4330
7036
4308
4030
7476
7775
4243
4193
2910
3546
7002
2707
3805
7035
7660
3015
4828
6473
873
7592
2833
3629
6384
7321
2987
2878
3743
7
7975
4648
2805
2279
7938
3832
5657
2193
7049
7366
4916
5113
5772
2879
4280
1990
2929
7629
6980
5392
2404
2598
4832
7675
4652
5166
4067
4651
5145
7434
4532
1698
5402
7042
1965
125
6251
2834
2075
5896
299
7949
4066
1401
1099
5231
5566
4816
1890
1085
5796
3208
222
2203
6086
3642
278
1578
3318
2959
6458
7195
6690
5600
4588
6165
3261
7660
7976
6847
1983
2357
1373
3370
7426
1399
6624
2910
7053
582
566
6912
1838
6595
1935
5597
6400
2810
658
2133
4941
2204
3283
7718
7180
5332
4770
2132
395
7687
2621
5682
6376
365
1765
7184
7993
1799
5966
194
3724
7100
7599
3784
3848
1620
4090
7839
5426
7631
102
483
6604
675
7143
7967
3607
6225
5567
1075
5498
5923
5102
7969
6587
7492
3909
6900
1833
892
6233
4941
1372
7174
5650
5067
3349
1487
6243
2134
6271
3597
6740
7752
4247
1338
378
3257
4199
4396
4937
7718
2669
3091
5632
5758
2395
3022
3970
712
7160
5162
3653
6963
6116
4280
5283
444
3512
6345
1486
5622
331
1288
33
3129
4626
4661
3217
6697
4639
1018
5506
6882
1738
1387
3062
6781
2221
991
224
66
1672
1637
2711
5226
710
229
2726
2319
5271
4501
64
6450
5116
980
4304
7209
801
2471
5487
7075
5924
4301
2991
7577
2420
5120
6100
4563
6740
2699
739
5524
5759
4290
2130
6052
4582
3939
3102
4088
3221
2248
700
2431
2163
3397
7207
4491
6504
1828
7512
5594
2841
7034
6868
385
590
3365
3743
1716
3509
5221
7246
116
6208
7253
7546
7445
2089
5125
2832
7403
7829
1908
5126
7441
1366
559
5160
1685
1227
4160
592
5187
3938
4181
5364
2957
5310
4207
6170
2964
3252
4099
550
6933
5998
1969
5139
4659
2482
7326
2432
860
1085
1328
5858
1755
6793
293
5592
5050
1838
7825
5020
4434
3877
4978
4949
3377
423
2289
1801
4070
2803
5432
5999
2795
4143
2218
6306
2928
3750
4931
1202
6720
7280
2638
5397
3666
7151
6845
5691
2607
6325
168
3327
7226
1987
2853
953
5665
3629
896
3632
4127
7129
6039
1325
4395
2790
6485
2474
5696
2281
1289
1130
5642
2514
6114
7394
5738
109
3273
5845
3494
7365
2779
7421
7408
2147
6785
1637
1361
3764
2158
1620
6578
7176
3381
4899
6983
6710
1733
6128
5657
1118
578
4331
5230
519
3072
7821
7510
6310
5470
3113
6677
3072
5181
603
1384
1446
1436
3037
6902
4383
274
5752
5844
7973
3303
4822
5301
773
5582
7158
4204
4265
1603
3002
5280
4147
7741
2587
4619
3135
208
7740
558
3467
2659
1115
6293
1715
3529
4900
1666
5204
5309
1760
3257
7507
3071
907
232
6262
5189
6594
3376
6639
4512
7963
2260
2233
2285
207
7421
2267
1268
4178
295
4938
6048
7044
6508
6060
7835
2815
4523
1014
965
1168
6485
4086
6354
2307
3923
3181
5694
2840
7959
2196
4973
7954
6846
5887
930
2797
7199
1951
2076
4911
6963
2658
3784
3223
4641
7797
231
370
6692
6569
1982
6797
859
4595
4084
4997
5229
4238
7499
3642
4310
2171
6334
5986
5395
7336
179
4729
2598
3759
1244
1494
1478
1589
4976
6554
5223
7347
1538
1857
7457
5073
4091
2138
895
5230
4664
3475
5735
445
5122
1390
7713
2441
3942
7632
581
7960
945
888
2566
3694
2506
5453
6613
2025
1900
3087
1011
3977
894
4656
2198
6994
5264
892
183
4426
7604
5491
6454
1822
2743
6967
4907
2401
1339
1184
4106
4532
4786
4589
2354
5696
953
6166
3986
5728
590
7165
1144
1756
7216
3458
1976
3408
6674
3317
5237
2860
1659
2535
527
7124
7101
6937
2217
3560
4367
3990
6677
3230
5578
4637
31
1354
5437
1782
819
831
5677
5157
2987
7760
4780
2044
4025
1328
5780
2507
302
2103
3936
2995
1637
1733
4968
2457
2382
4353
4216
1014
4058
2683
4939
1098
6272
2608
4585
880
3883
747
5658
4429
6528
4488
5702
3618
4751
7316
5483
2177
597
2704
3513
605
3499
6101
1741
3642
4752
1617
2504
5571
398
6319
1100
570
3979
2901
1426
3530
4270
6791
5611
312
3051
3368
3025
2104
557
7329
5161
3804
4511
4698
1880
615
2711
6822
7423
3776
2528
5691
4820
7234
3619
5150
3038
6512
2097
29
7757
6726
4784
7862
1267
1258
2719
3990
3171
3522
2247
7547
5669
2207
5760
122
7571
4438
3613
1565
7379
2031
4917
6884
7600
1783
335
4460
1367
7664
7273
5549
300
6761
7077
2782
3591
5864
6545
6771
6991
4803
5969
838
5616
5774
619
2900
892
4014
7215
2270
4124
7564
7489
7343
4401
3750
6340
7038
5899
2239
1829
2473
5188
7863
5889
2401
6138
5621
7156
4197
5480
7040
4543
6695
7969
1965
1941
267
2024
5235
6850
7501
238
4826
4985
2625
2216
6418
5112
5494
6541
4896
2394
3764
6825
1395
3385
357
673
4117
4541
7952
7748
7229
518
3264
4169
1921
4722
4739
2283
6504
2123
5774
2910
4254
1744
2686
492
1472
3998
2297
3697
5143
1915
5939
4015
6050
1408
2189
3215
5964
6112
855
3637
3389
5017
2614
5630
1997
3381
1505
7449
3538
5693
5445
7359
5338
7867
5385
6288
5748
1707
1132
5772
3817
6910
1353
3178
9
7370
636
5528
4895
3985
6815
7312
646
1259
5870
1107
6165
5075
1417
1798
2229
2956
1815
5541
3092
5358
7878
5672
3634
5841
561
2993
5337
7636
4763
7534
7849
2059
7768
7505
6737
3523
1227
553
2458
2930
4042
733
4765
6016
6110
3013
1173
4204
6438
5733
2767
3997
4890
7623
7166
1030
6189
5044
3691
4788
5644
5263
6025
1783
580
3341
3814
3562
576
6548
1982
865
2735
6639
2346
6639
7556
44
1078
145
2711
6931
7376
6139
4393
1923
1179
7804
3013
4202
5603
4176
5953
4448
6380
2434
7076
7201
2339
1788
7649
3749
2934
237
194
6238
4095
725
6560
2190
5723
2736
14
706
1241
4412
6166
7790
2510
4073
7323
4390
7430
7453
4702
887
3989
5537
5468
2080
3339
4843
7251
3632
2117
7112
5221
1981
3360
422
3798
3838
6153
2427
5424
5062
4464
7766
5766
1565
7899
4288
5397
2685
1367
718
5510
1382
5641
2566
1615
990
2466
6892
3770
5577
6513
3752
446
2592
5522
6293
2761
4433
7940
488
5279
7988
4121
2875
7260
2085
2182
7669
5141
2498
7962
6808
29
258
3340
5607
3235
4272
7340
1266
57
7427
5436
6336
1455
2076
728
3607
3934
924
400
7274
1729
4639
4374
2016
4541
152
1299
253
5121
5449
5588
47
1288
6304
4449
2167
4475
5353
3182
5618
756
692
7851
131
4574
7492
6966
1183
4408
1073
2992
4981
6776
1883
7917
6072
588
651
4293
4810
7355
2215
7047
583
2666
4690
1806
7850
187
6046
6571
6752
7888
1775
5697
2983
4270
2157
368
2723
7676
1381
4841
701
1898
7997
673
120
366
6162
1313
2706
4329
7472
3257
1875
2792
3565
2581
4021
2567
994
3495
1903
1585
7623
1540
5408
6146
3370
2315
7509
1677
1164
512
2551
5625
6424
3831
5204
7430
1217
6955
584
1774
3574
6062
5063
6310
3973
6651
6730
6211
4489
5991
6868
2490
5393
7414
7840
4864
1103
7178
6185
208
1466
3254
1749
5643
3521
7601
7871
6649
1835
6182
3680
7533
4112
6824
2265
2567
3501
5827
5343
4819
3368
5550
7171
7311
4897
348
605
6347
5681
5105
852
5288
3906
146
4941
4034
2827
4437
1070
5098
742
7960
910
3980
2063
45
7675
2288
6203
243
6311
2908
5459
2176
6319
5462
1291
6842
3273
3270
3364
4741
2698
5946
6714
3414
1298
4676
970
5734
1045
126
1284
4163
4358
7918
6665
7105
5729
4164
2242
781
1109
4352
7644
5025
6861
6832
2787
2259
7450
7191
3514
7689
895
4906
565
7303
920
5555
1747
7401
6183
1369
6683
1132
4412
3447
6993
4902
2241
3560
3221
534
160
5924
4761
470
1233
195
3901
3885
2115
7137
841
1729
3622
6747
2438
3945
723
885
3129
7393
3033
3101
1149
2519
7653
3146
4604
994
7181
2303
1482
7954
7481
5676
3294
2210
5294
6387
4077
7242
56
5064
2405
4145
820
1265
3523
5120
7159
7661
913
338
2271
1009
6464
4295
4276
5389
7133
7736
7033
3054
1779
4100
5461
6076
3198
1161
7769
1763
5959
1967
3438
7664
2401
4382
7900
7249
7358
7504
2297
3903
4718
960
4204
7543
5942
2
2269
4323
7305
5740
2555
7128
4581
4978
361
2809
5581
6928
966
4792
222
2464
3159
5628
6417
4107
3411
1567
268
6620
7563
1934
7909
2352
4917
3796
2804
5450
1940
3056
3603
2819
1157
6306
2101
3038
1447
4101
4512
3513
6696
7382
2760
4000
425
6674
4169
6844
845
7614
3329
6633
7907
512
3401
5285
6893
1387
7822
7780
3917
5144
7759
2240
4235
3375
7349
5773
4997
7941
1738
971
2996
1119
535
884
3030
1429
543
1718
4990
1426
625
379
6324
1528
7278
7779
1354
1568
7832
7507
7484
6463
2386
5991
1475
3620
5114
3587
6390
1245
5663
2119
4765
6714
2273
7840
6100
1321
1572
763
6297
2688
2096
1941
1394
858
5225
6767
3646
2456
3173
2333
4630
5385
6831
3836
2207
6564
1368
2755
3311
434
6516
3315
2841
2697
4984
1704
6487
7922
4142
4818
5331
4332
5970
637
3538
714
5837
4491
5053
311
4235
7940
7501
2394
7995
1028
6227
2068
3298
5907
4450
4902
7901
4049
4762
4272
2865
80
4433
6868
5456
2748
3935
7865
4843
4021
4038
2156
3566
2877
1788
4704
93
4557
6615
2006
7497
4034
4244
1048
4014
885
1668
3551
7596
2728
2324
5076
6496
4315
6327
1011
927
1727
1074
7180
1231
1602
3972
5924
4897
4169
2159
4792
7086
3452
2599
7073
6509
698
6614
6291
3983
1709
5194
7615
4151
7737
5052
6489
6297
974
3646
7796
7598
6494
5504
7368
7825
1448
2366
5782
633
7537
4682
6306
6548
7892
2097
6687
6460
177
653
3561
792
1345
5095
1388
2258
3402
6470
802
1584
5037
6872
1145
3282
6365
5820
850
2631
1386
2858
1830
3403
2427
3904
2115
225
3099
5098
3636
2121
3306
7404
3967
4127
6324
1679
5704
6032
7710
4518
6291
2809
3708
4795
3943
1117
5824
4763
5453
7043
3342
7227
568
938
6698
582
3262
4394
2899
7236
1349
5737
3689
5928
1209
7990
6473
7222
377
1669
441
1359
4497
5768
191
1114
6434
6310
1804
6417
2270
3162
5078
5541
6448
5739
3267
2511
5240
1667
6081
821
1332
4591
1330
7989
442
7090
3205
6032
1633
5062
7776
4278
0
752
6905
3498
2382
4991
5828
5073
2409
2400
2374
7069
4658
2273
1545
2064
5077
2304
6504
2607
5158
1391
522
4614
4135
5543
1259
1618
742
1382
3670
782
4867
7431
4655
1245
2576
7740
7212
4176
5521
4266
7204
7445
5154
5984
5376
1789
3896
4405
1742
5096
5759
4670
6388
4112
5667
1129
3009
2414
1515
7738
2399
1036
6783
5855
7717
680
4554
49
6537
578
2874
202
3507
3779
2980
4413
4012
2954
7237
310
757
6483
1636
7535
4276
4550
6035
1996
3401
5914
531
2389
7295
3684
3607
5069
6175
576
737
2739
7582
4634
5961
7956
5686
2842
7260
5899
402
2154
5089
2583
4834
1893
247
3735
1103
6749
3354
5860
7688
2185
7300
331
763
3337
6320
2918
1696
1304
7610
7318
6831
2317
4130
7134
7282
5198
6575
5919
757
4626
6960
4204
4953
1488
5021
7945
5768
2441
3357
5061
4034
6959
7137
4849
6486
5233
1581
6972
7981
1188
6711
5996
6849
2703
7272
4795
1067
6291
1855
4300
5081
3509
1493
4936
4637
1290
7675
3034
1891
7422
7743
2819
4795
7168
1166
5786
3156
141
1139
6308
4874
4120
2557
2187
6294
531
831
2943
7332
7837
5297
5606
1794
520
3956
961
4916
4869
4019
2588
5732
5743
3877
2993
2550
3824
5614
27
5562
3732
6501
2290
2683
7080
625
5767
3444
4494
7052
4541
290
1697
7146
1218
2037
6335
3314
1385
864
5623
4971
7142
7248
2192
2930
6693
3641
5812
2471
2695
1675
2552
104
2426
3460
6217
245
2227
3295
5300
3123
4235
7146
1105
4620
5875
3701
2509
243
2965
486
5459
6341
5065
5162
6999
1483
4977
6214
6079
2972
7730
6155
7982
6688
2895
4008
4589
7215
3427
2649
7352
1687
187
4221
163
2236
3214
1030
39
730
7002
5194
653
5351
2332
822
1398
1812
170
7777
2628
1969
3313
4670
4457
6576
135
4332
5066
4737
3884
1960
1615
5661
34
3042
4554
3807
1062
1133
7233
6732
4554
3087
6234
5107
3312
3832
2850
7280
1381
3152
6969
7370
7127
7465
7902
7868
628
6868
7827
2065
3937
3855
7149
6120
2196
7132
5818
6295
7247
2285
3982
2412
2426
1594
2476
4751
7963
821
6286
2883
2996
2389
1362
3403
6713
1039
4545
4073
2348
6564
7484
5953
471
6547
2309
5085
357
5230
4391
7242
6238
1738
2051
2975
5118
1040
6393
4381
1456
1520
3951
4786
1260
7094
7873
472
5418
948
2181
411
1921
1631
6457
5111
2977
4150
5196
3487
7657
1693
2309
6746
4518
264
1300
5192
7657
146
1460
6595
324
7150
7865
2657
2529
244
123
21
4030
6493
1823
6261
1929
202
1855
278
2579
3774
7541
7571
2292
4845
6089
4077
2684
556
4148
524
4177
6599
6097
100
4458
1649
2399
6515
3495
4886
6005
934
5066
397
259
4763
1686
7657
6016
6594
7938
4463
1013
1180
7642
3105
3750
2725
7219
7417
1048
4175
649
3889
4740
3939
439
4863
4310
4748
3089
6559
6626
111
4385
7560
3940
4786
7805
1856
1266
2782
2114
75
3904
1887
47
1535
1424
2792
1568
5811
5364
4851
548
6742
6721
7910
1790
7387
5586
2514
3061
7058
3638
1876
4056
3154
5559
990
5650
5395
6920
144
5477
5208
1418
5248
1350
2505
5627
4633
2197
2590
6203
1055
1272
2360
5628
7120
5139
5962
3398
4006
5990
7476
6437
6394
6658
4848
2992
1090
6697
357
5558
4603
65
2457
1030
2658
2613
1028
1371
7259
7593
6783
4066
3829
2647
5083
5418
5445
4491
2767
4391
302
5751
1865
6691
7491
6836
2725
4354
1795
2070
4795
4848
2563
5034
3667
3113
5225
3534
4211
7332
4820
2477
5785
2333
6873
86
261
3582
5481
1401
3374
5737
5774
3645
4052
6500
5972
6528
6517
7074
772
7404
5465
2986
1931
4019
1928
2982
3002
4583
3484
1099
6183
4855
5425
1567
5232
6538
3192
1196
6688
433
2603
4159
2537
3213
2971
4125
1745
7805
6053
3651
1642
3649
2179
1689
4729
1968
4158
2546
1529
2706
3777
5250
1080
7451
1801
7773
7454
7429
4345
4136
7437
2888
331
3614
1956
4601
4320
7105
7198
7484
7607
3803
6168
7655
4412
2095
5680
3509
7480
1985
4681
5284
4647
5503
2986
4908
5351
2763
7046
2652
1868
7654
2198
146
144
5178
7587
5846
5672
2948
6816
2196
1714
6108
1843
1076
3530
5986
4500
3736
3835
7495
1294
2609
594
5109
5987
1982
2575
3420
3981
355
7093
5402
7326
5410
4417
3462
5640
1592
2743
5338
1913
1686
3095
7098
5599
6330
431
2149
3593
5354
7690
5879
1390
2125
4614
1432
3782
550
7747
6725
7382
4013
7799
5945
3529
4364
6815
6071
3962
4019
1808
7543
5263
3864
7724
4330
5503
2062
3887
6764
4851
6017
5737
6982
1354
7436
2118
7836
6327
4663
6537
1785
965
2960
4119
6773
2107
6692
4528
7937
3099
5211
696
4879
7428
2093
5043
5472
4471
6725
6416
939
2678
6128
7580
7783
5896
962
215
5878
4378
3013
420
2222
1664
4191
3609
1220
3864
1215
1335
6103
719
7491
4403
855
637
810
7091
208
1836
6001
2004
5207
950
4364
3112
7631
2252
6530
5117
88
2259
5093
3480
2262
296
2093
1089
2649
2629
7665
2040
5742
2235
2497
5509
6465
1183
2210
1133
4397
4353
6951
7745
5986
2903
5672
2640
4082
2809
6562
3260
6136
4422
4523
7530
7077
7780
6992
2579
7528
7908
3597
696
3449
3715
103
1458
3779
2188
6442
4263
6444
6940
3643
1433
4546
6718
2393
5592
579
7988
1780
7256
393
7511
3369
797
5648
3733
6554
3538
7910
3802
999
5241
942
5002
1611
5821
80
6314
5333
7396
768
6494
5376
6944
874
6157
2802
3268
503
481
4686
3092
2175
5290
822
7285
6219
7330
1184
4035
2437
3403
4051
4994
6975
181
4671
1708
2524
1883
7863
5800
1119
1581
4172
5596
270
5481
4423
5337
5890
2914
4738
2869
1742
1187
483
5814
1354
4077
7222
1962
6523
2395
3622
84
2016
4135
7768
6337
2779
4485
3173
6456
634
1773
1202
1743
6626
1654
877
2266
279
3358
2597
5951
4266
998
1094
4325
1216
5658
5424
139
5050
494
2100
5749
5382
1860
555
3648
4290
3403
1074
6295
1992
5441
5
2238
4186
6360
7031
6796
939
1655
7947
1782
3208
7319
7283
1157
5986
2894
7842
5225
6840
6441
4496
1384
3237
3633
330
5359
1411
2576
7282
6793
2299
1806
2778
5677
107
6132
2745
753
1458
657
3208
1117
4827
2970
3260
2651
2851
3628
1504
7690
3752
2478
2702
5745
3761
2706
2378
7120
1044
7930
7674
4626
2184
2487
6150
4896
1864
7340
3272
4559
4767
4177
3184
1145
4822
5204
2807
7017
1080
3161
7678
2416
383
5090
3779
1748
605
6026
1854
2536
4968
3692
94
1271
3874
1313
7195
1498
4388
4133
3192
1833
6183
1243
6359
1742
3631
7719
1592
1589
5077
6073
7696
1312
6511
4522
6466
2582
2206
7486
7420
2747
2675
970
4593
891
4414
4335
1070
1760
53
7236
7707
5060
3582
5778
2961
3488
2202
888
7314
1282
2221
7407
3305
5725
6254
4904
543
6010
3047
4434
7127
7053
7017
4023
1927
1058
6096
2694
5587
3254
3566
4267
2888
3043
7831
4122
6897
3763
3721
6251
6425
4437
5173
5856
2527
7212
1390
5762
3823
7045
4653
1064
162
3105
7295
7961
372
1649
1100
4745
222
1568
4420
7296
2448
5898
3879
4440
589
7434
1713
5221
6434
7280
1889
2991
3908
7890
805
2586
7173
3513
2532
1191
1331
253
103
6739
3853
2091
4517
1629
547
7394
3305
3429
5833
189
3170
7856
5431
5610
199
2760
7488
5657
6821
4736
1709
3601
7622
7382
5878
3420
6975
1777
5852
6691
1623
7625
7206
6676
3471
6565
4854
1343
4435
2880
4358
2304
1531
7941
5509
1111
1278
7866
136
5140
5108
6073
7599
5485
581
984
4437
2482
7092
3498
6195
7767
834
6559
4178
5872
5440
1478
3498
1852
6772
3827
6428
4568
7911
6524
7881
5653
2314
3613
7309
995
2434
2555
5980
2732
4759
7238
7351
2749
1524
4535
5578
799
3356
6457
2917
1220
7850
1700
2901
7517
3522
5348
5278
2056
1434
3384
5528
5159
1247
5526
3300
652
7173
1901
4425
7248
46
5762
174
5187
5110
4220
5750
445
7513
7931
6772
5651
3586
354
7689
6630
6768
4085
33
1685
4103
4254
6406
4434
4913
5514
4255
5202
6063
6384
3850
4574
7808
1522
5841
263
5164
1436
6603
5430
4077
841
7058
97
5179
7524
5020
4442
4595
6156
5048
5762
6307
2129
679
7962
4788
7195
1557
3514
5364
1771
3570
7194
2112
3577
434
1677
7819
3003
1949
7822
2701
6727
4435
2099
202
7695
3040
4222
7485
1036
568
6995
6561
3830
2191
5123
1629
7023
471
3974
5898
5183
6679
904
2914
3450
6117
218
1990
1982
5376
1289
2859
665
716
716
7587
4679
4714
6038
3908
1624
5555
2892
3575
2800
6930
5073
7646
2793
5691
956
3555
3731
7244
7467
5338
3163
3390
1585
1170
4553
839
875
6077
5539
4816
7664
3257
5871
2958
2854
4346
3350
1600
1393
2326
5284
6083
1095
2989
6892
7445
5151
4403
6665
1956
6088
