5263
3014
4648
4185
2743
1727
5444
1331
1204
2949
1175
2571
2903
5615
3777
314
7407
2648
5452
6113
3798
7274
481
7242
2287
2501
3092
2231
4649
6642
3839
7041
5344
7262
3994
1934
255
2086
850
2351
2999
7480
3565
4424
396
3559
110
7109
3758
6469
3982
1810
4234
1129
1847
5409
1735
1569
3305
5208
6616
71
5595
3839
6268
3408
267
3807
3245
3130
854
3653
6561
5226
6622
7218
7203
7206
5471
4515
3803
4981
2682
794
5798
3972
6629
139
5513
6230
1048
1373
1179
52
3308
3993
2986
5659
1595
5078
6348
7237
3719
36
5107
998
1828
5575
3732
3799
5433
6295
5276
4340
3795
4556
1129
7104
522
3580
6680
499
1881
3178
3727
6099
2641
4076
3931
5552
4889
2029
1255
769
2865
488
4585
1653
1186
2297
1639
5268
3114
4573
5486
1508
5
2526
7079
2971
4999
6784
1953
5089
7268
1219
2735
4187
75
1902
5918
2451
1471
5505
6992
6380
6289
2881
6714
5402
1107
4497
3769
1696
5517
4933
564
1394
6843
5574
2992
3314
2135
5160
1928
3379
313
5215
599
4068
1133
526
4901
3871
4432
2742
3071
4137
7319
3876
2399
2402
188
4402
6268
5839
6535
2796
3519
3856
4587
352
4384
1845
6407
2135
420
2358
1632
6939
3371
3333
4899
6633
7169
3320
6323
1144
2734
3303
4397
2208
5628
4409
4718
1290
6874
1988
6127
7409
5667
5338
6183
58
2367
5176
1705
4617
7042
7317
4760
2271
611
4852
3382
4109
3169
2887
1901
7103
1990
1392
5649
4890
3688
3210
3891
5803
5166
4937
1894
3136
3547
1507
2832
1022
3346
5451
5120
5391
5374
2793
6495
407
292
5344
4869
1133
1683
3548
1195
6022
5900
6775
3415
236
5040
141
4928
2822
1492
6529
6419
2214
7332
7452
3378
2902
1344
3395
2821
547
927
5373
2100
6786
5373
3885
5857
3921
4208
5630
6071
5422
4427
5660
7418
5364
1744
2031
3153
5239
3476
3460
6470
3578
7422
6165
5538
2728
2696
5282
4147
4187
6798
6806
4578
4730
3261
6347
5337
4541
6791
6997
3686
6543
2511
738
5278
3217
6431
6188
2866
4522
1730
3278
1008
2292
3272
2825
4382
56
3044
1145
1151
731
4314
1603
7386
4237
262
3618
5770
4502
7185
983
728
7344
5444
2235
6376
5952
2150
871
4863
3002
4503
3723
104
5380
5411
3392
5438
2536
7428
4605
2583
2941
4689
2521
5265
4700
259
2314
6822
7339
4950
7241
688
7247
4282
4682
6171
4408
7161
2181
2579
1729
1734
6211
6931
5351
7390
4331
2268
7366
1534
6968
1570
5395
5996
867
677
7482
5277
6159
3092
3737
5110
3709
4636
2322
1894
355
2727
85
5767
6557
3276
3153
5343
2122
2140
5200
1335
3605
2507
6827
6995
2220
5021
3329
2106
3538
5999
7005
4126
1413
533
2406
3740
6279
5219
5262
2154
7214
3489
6319
2289
2196
6952
5198
4537
4176
4831
1031
6663
6047
1703
3755
4188
3571
3703
3281
6397
1642
3075
2843
7192
6616
5728
6128
3128
7482
2408
2763
4576
6079
3521
6147
4514
6893
5177
4886
1335
3853
1449
2917
5653
6145
6767
882
4896
7459
6869
3305
2838
3146
5817
4797
41
6992
6150
718
1368
2283
3829
1740
1879
5346
7033
5720
3863
6693
3997
1447
5562
3978
4913
5337
5895
3314
1405
6475
3959
5046
6078
3080
6981
1707
2876
4714
4935
2150
5853
2193
4554
5582
2436
5387
4959
1087
4232
2318
6256
4611
3245
962
5075
305
200
375
2630
6683
1563
6343
2341
2322
2342
6094
4721
7224
1066
1284
3993
5404
112
2676
3087
7437
1615
4282
2076
6450
7055
4061
3749
3684
1
6023
3903
315
489
1183
1626
3711
974
1730
330
4053
1194
380
3887
1633
738
2525
6075
2343
356
447
6318
3043
3236
6938
310
2387
980
1718
853
1904
4930
4010
4453
192
7056
1978
4838
3118
7254
4392
2771
6949
4109
4553
2238
1427
967
2270
1878
71
6172
5418
892
5414
2192
1750
3534
6127
4774
6600
5885
5814
885
2767
7445
1841
754
6007
2359
706
3295
1749
1314
5657
151
7077
183
946
3051
3527
1516
1637
965
178
4397
738
2667
1624
3390
436
4142
6575
4904
5790
341
5425
5575
3776
2770
5662
3904
5628
3809
976
2149
2228
2493
5424
1462
509
5156
3128
1347
4787
4970
2738
6356
1240
6901
4466
1996
1371
6103
3704
4459
2201
81
6073
3475
218
3125
488
442
2806
4332
5674
5415
1332
6635
3051
5510
7081
6231
224
1514
3818
4751
2962
2774
2052
4342
2301
4407
1816
1242
4046
3350
4883
3565
4239
3777
2580
5206
316
6841
7012
7472
4511
2392
5408
3908
3029
5624
1993
3364
660
641
1899
4113
4754
5187
2693
789
4901
5843
2767
3986
1389
6028
383
564
6162
6770
1652
3782
5074
7029
3422
1005
6167
7412
1388
1476
5642
6508
2426
1919
6544
7196
5132
5139
7055
5894
7023
1168
4737
5237
4593
1979
6058
5427
1577
6968
2716
6693
5227
607
4926
7265
586
4030
233
6599
7359
731
1491
4382
6300
2900
3992
295
3986
7410
2968
3108
4691
6346
6046
1443
5296
5298
2971
2216
386
3003
5131
6293
882
1420
937
6926
1095
2069
4822
798
2887
18
2003
5453
1458
5999
6480
4142
2890
6529
3641
7152
2609
2842
2177
5907
1461
854
3306
4442
4086
5483
2580
3764
2839
5446
3974
3547
4447
1568
2630
4512
1775
2513
4306
1821
764
3188
1163
2854
2522
6236
6963
3188
1572
6917
2584
6915
3089
4808
1759
3659
5256
7318
5190
846
2036
4084
1025
5381
246
2204
5801
2885
2747
5191
7360
5340
1899
4067
6750
602
4868
5036
3789
1822
5001
4660
2371
6789
6722
1723
1924
5759
1269
2001
6083
4049
339
6071
4755
916
2333
7242
6415
3749
5811
376
7450
7144
4826
479
897
662
1575
2148
1615
1782
1751
6453
6072
4308
3210
6604
3379
7232
1136
1708
2285
3198
394
7241
2434
3407
2824
6480
4959
1564
4039
3453
7435
4402
5238
7274
712
2282
1834
2237
3281
5273
4007
2037
6673
4001
311
893
5447
696
5674
775
1021
1406
5232
6969
4800
1023
534
1319
5778
610
2995
3693
159
1789
3579
7126
5818
5842
5995
3110
3732
799
5672
2856
6795
6334
2643
81
4964
2023
6786
834
5823
2160
64
2032
4693
1592
2423
1263
3412
6091
4559
1248
823
3422
4508
5028
6288
3538
7213
1787
6399
968
3343
2294
5446
1733
1800
2153
3307
1735
2157
2136
719
476
5528
1297
4471
1481
3608
1927
3949
6380
5159
6519
3918
1405
1334
2912
1987
7211
7483
3745
3994
6819
4055
7050
981
1516
6396
5899
7339
5478
2582
519
4856
7386
5275
4429
2808
2859
5061
305
2140
3376
1103
5073
4052
1669
6828
3810
3668
5752
1103
7287
4870
1113
2245
2554
5870
4477
6050
4191
3884
1692
6190
5425
6275
2342
5552
7319
2959
7050
6969
5920
3862
6303
3115
3795
6617
7095
6178
7094
4550
6340
1972
6630
5954
922
2261
5661
823
6807
2461
2036
4879
2747
1653
4108
4840
233
6633
1455
5821
4382
525
5591
2579
1529
267
5696
5382
5091
1862
344
595
2429
1362
1873
2530
4717
6642
650
6345
6514
2679
6706
5971
2313
2954
534
2967
3685
7045
2314
3649
3498
2336
4296
691
1766
616
4196
5870
1304
6593
612
252
2443
4196
4572
2910
1595
360
547
3112
6115
4447
2914
7228
7362
2869
7437
3344
724
4984
3115
1879
7034
3619
5781
346
7238
6844
7012
5333
627
5982
7442
2705
2520
388
4664
7247
6627
1772
7346
5507
4684
304
5599
4386
6608
3079
6307
1818
621
6586
1378
3499
1964
3493
4687
7451
5898
500
6271
2288
351
3570
6510
854
3905
2517
2784
6236
3682
4530
4660
139
4335
860
3097
1186
7209
1640
5329
5722
1988
3139
1048
6522
2985
3283
1995
5151
2089
3740
738
217
6766
456
6703
4087
7135
3643
3329
3961
6668
4649
4473
1160
4291
1278
5701
3879
2721
4511
2963
7492
1973
6431
3769
5027
2144
1808
2663
1650
75
277
2912
7322
4438
2498
1470
4427
205
3758
1430
5223
4060
501
6313
6918
1351
2066
134
6749
7017
2632
2781
560
2900
5818
3432
6674
2103
125
3080
4260
6756
3017
5330
4491
6643
3584
6924
1735
4279
1906
7356
6876
7392
3500
128
173
2142
6600
2457
5416
3297
6425
4822
4725
550
2408
7377
2511
2331
5573
5090
221
3100
2262
3907
3370
4298
5215
6303
6339
6617
6203
3677
6082
5521
5019
5098
1940
4857
243
4869
4061
5221
6651
2132
5076
5698
5909
6604
5751
2592
7161
312
5172
2263
666
6963
3405
2923
5710
584
6050
3007
5469
4532
5677
3890
1848
7279
2676
3741
5389
1811
4207
6576
6560
6850
337
3979
3669
6694
5265
4421
5053
1708
2990
6630
4222
5551
2084
3646
1018
3559
1226
2953
5520
2570
712
4069
6727
4739
277
5767
6817
6926
5947
2123
4572
6483
428
3887
4268
3147
4885
6723
6264
3953
5163
187
4879
6222
7389
5962
683
24
4209
1332
1664
7062
2450
4927
6135
5785
3047
1394
4863
5674
1667
6029
3319
553
3657
514
5930
1818
5052
3482
6886
3762
3291
4824
3435
3672
1910
5888
4596
5251
6412
7395
4913
2053
4886
4627
1745
3131
6778
1717
3499
5492
2425
5872
1451
4838
2791
3242
915
2831
6209
3833
7484
4361
181
2904
356
6106
374
6531
189
5756
1539
446
3787
4257
3173
1130
3177
3239
1465
7274
6833
3231
1412
1930
6675
463
2447
6892
1083
3030
5976
3437
6370
3212
958
6263
3820
2160
1673
1097
3448
5331
2389
7457
5243
665
3033
5160
29
3370
5173
4509
5929
2163
6421
1103
7285
2344
5357
793
1862
6372
2993
7137
5235
1932
5470
1357
489
1896
4852
1139
3802
6019
159
6412
4303
5478
5309
2540
4608
2456
6386
3564
6268
3433
5959
2068
6489
2601
6509
972
7261
893
893
550
2536
4133
4561
3255
6414
4365
6826
4960
4201
4434
7321
6999
1592
1355
4605
4611
1828
5822
1008
1573
6952
3221
5510
4849
236
5706
18
6629
5374
4764
7463
2404
7268
4835
6494
7131
3902
6928
4527
838
877
1918
6647
7159
1534
57
4026
5921
3261
1438
3666
5786
6706
94
2038
4741
4505
1427
1373
5060
6086
2241
419
6343
7052
1254
6631
779
5827
1159
1279
2166
3413
5944
1109
5906
4806
1183
139
3441
2012
3264
1829
4093
1338
4092
1544
6598
7129
4712
446
4177
7378
5793
2018
5242
995
974
5774
1506
756
3542
3287
6071
1478
4949
6886
994
6250
6857
6008
4948
1193
6738
7209
6321
1792
7479
3714
6701
4280
6889
5489
5572
6452
7
6702
5398
182
4735
2308
1140
2953
6459
4666
1234
5299
6415
7048
2438
3196
2012
1133
4946
4915
6139
6126
6446
2573
544
1927
4877
2353
6969
4658
2882
1845
199
5962
2002
4088
2753
6448
1241
4017
4329
2996
1899
2805
2403
3465
1570
4030
6227
3107
1642
6734
255
3028
4568
4275
3251
6284
4316
3652
6846
2296
3194
1094
7190
4127
2807
5158
7415
1804
4862
1690
6365
6938
7022
915
3989
5829
6623
6845
6299
3345
1673
75
1073
2306
4052
2103
3495
1267
7047
3619
1794
2212
1051
3233
2927
2199
2133
5123
5455
530
2161
91
2201
1587
6430
5386
6593
2350
2687
2526
3679
276
1823
1642
7123
4749
932
714
1824
2567
5233
19
1146
3418
3207
6452
3299
3149
2452
1168
3587
4315
3720
1180
7045
3471
5487
6362
3554
3082
1932
4995
1495
5046
5251
6810
4099
1753
3286
4914
4854
6976
7299
5190
5087
7454
766
7333
1105
2545
2463
61
593
2939
4262
6301
1371
7470
6311
4034
3762
4406
6024
5042
4276
7393
7218
3620
1622
6058
5365
5544
6834
6871
1033
2052
1819
7028
2482
4514
4406
119
2210
3201
2659
1569
1575
6650
2662
7229
1060
4194
2400
7082
7461
7170
6921
6936
3147
635
4448
2335
953
4045
7072
5042
2330
4728
5043
3535
7344
5945
3064
2396
4079
1804
6110
6043
6379
511
5187
4455
6042
7211
6487
5654
2362
6786
6175
1728
856
904
1901
729
6822
519
7475
6424
1659
2407
3971
6508
273
7204
1206
2411
4884
3003
7250
7415
2466
4084
6232
5692
6339
5545
7188
3729
615
6032
2493
4727
2618
4250
6557
5580
3725
1432
2563
6714
4812
840
3242
183
136
1646
5646
160
3438
6618
4999
1258
2713
1377
7049
1093
6441
6371
1172
2905
5397
3922
1299
2531
5792
54
6760
6896
2280
6947
2781
2902
3136
7084
5918
5643
6293
1402
7456
2360
2116
2512
5237
7376
2326
1338
2821
2753
3580
7413
829
3176
5574
2098
4714
4936
6180
2752
4130
5861
7345
5807
612
1835
1092
7491
1650
6846
6104
4282
6060
4158
2011
3954
4087
4264
4319
3439
3308
4512
2330
6533
5308
6994
3840
1035
6649
936
363
4658
3551
1406
1127
602
5200
4537
6196
2588
1705
458
2725
6101
1743
2658
6399
79
6967
4731
2751
1928
331
7058
3929
6612
1885
5885
98
5509
4933
3881
3401
4883
6262
6152
1338
1918
182
2964
5343
3987
1877
2488
3997
4531
6352
3877
4627
839
2924
3633
6514
4605
3509
5440
6273
1704
1464
6595
3004
319
1801
1910
4961
561
1581
7263
5390
2145
5149
1025
1558
17
1500
1024
1082
5063
1064
6177
5264
5724
1833
5546
2980
7230
5470
7289
5724
6381
3473
2234
818
471
2361
7267
2584
4664
294
4579
979
6402
2698
6483
1381
7361
1099
761
3406
1807
1882
7140
1146
6643
2091
5370
838
2660
7279
213
6740
1138
15
235
7168
668
6094
4089
7349
37
487
2311
1158
1560
256
4959
3827
6016
1347
2089
4488
2490
567
3594
5112
3447
7311
5016
7050
2093
1571
6381
5557
2360
6384
6337
3219
6154
1451
4247
941
6636
1850
6461
997
917
3031
3535
6341
6478
1998
3922
4612
5796
5186
4745
2567
1173
6419
6065
3338
7478
1523
1475
1973
1575
2790
5915
4953
2129
253
7409
2412
7088
4924
4647
3742
3840
592
2205
3059
4226
6737
3393
2506
409
6987
3275
4191
4248
6208
2229
2801
1155
970
513
5905
1029
4475
2884
1456
453
3091
5176
5602
2754
4105
4774
3756
5661
5995
7216
1824
2997
7256
3677
614
6389
4115
6211
3383
526
5322
5412
5655
4361
7453
4511
6868
3969
2701
561
1011
2426
1010
7059
7202
4253
4153
1237
2607
6804
5150
5165
6425
4406
334
6584
7009
5016
6441
4786
2636
1207
2325
5838
4500
2434
1819
3271
5712
3653
1297
6638
1310
5412
2860
410
5808
4253
3376
6930
3836
6417
4967
6083
4801
5750
2065
3484
5358
6094
6170
4075
5862
4712
3985
2126
1276
6924
7104
1119
2930
7357
1304
5526
2814
1687
2584
6581
4602
672
1462
695
2821
2664
4434
5178
1605
1120
7372
2358
1124
6095
425
1950
7480
2644
137
4085
6176
6281
325
5307
3698
5394
1572
4947
2773
4371
3847
5829
1698
3279
5746
5709
5540
2393
6158
7218
3621
6233
7210
4662
85
2947
5630
7075
575
868
6879
2747
2706
6847
6785
2773
211
5724
4642
7255
3020
7344
1984
5209
7165
725
6722
6627
6603
3408
1667
5308
6833
5832
6549
3383
4225
4978
3874
475
3162
2468
725
4267
7212
1532
7296
7415
5358
3790
6198
3663
4696
5154
6524
13
7378
3867
5628
4011
5448
505
5202
419
2704
7306
7043
3015
5686
688
1600
5328
2506
3523
1917
1683
489
554
7175
1112
4294
5780
2503
419
56
6833
1977
3197
3338
1620
2638
1495
6602
540
5322
1871
1107
1266
6105
3544
3309
6938
4749
6896
123
2658
5373
5325
4061
7235
3558
5876
1208
4483
1087
1678
5480
2486
1702
4090
381
602
4826
2816
1009
3481
2508
3288
1517
3009
3983
2383
6279
5258
4668
7227
1313
5572
7146
4130
4905
5581
2451
2388
7024
6807
4329
1150
6688
1615
4900
2667
7182
3857
4533
970
5822
2900
3835
1339
4508
1474
601
5315
4411
1581
2769
3232
2139
2937
5489
4126
571
1438
2908
1615
2906
5783
964
4281
2861
4021
6826
3033
4066
5274
6363
6613
6803
7321
2623
5487
7245
1790
1635
5178
5681
1795
421
7251
2290
6723
5044
4700
669
5024
3153
5525
3349
5460
290
5647
6281
2104
361
1726
2569
6788
5516
24
4814
1876
1717
2212
6995
1873
4553
1242
4653
3957
5619
4836
7273
3935
1472
698
6853
7038
3829
4862
7370
5813
3873
6606
6422
5125
2640
3884
5046
2160
372
5885
5774
5281
3904
4911
792
1998
4759
2556
6667
5053
6044
5227
6366
4000
2104
5406
2749
7491
3280
3387
4280
139
5578
7201
7255
3722
2019
782
3574
6110
5999
2226
6339
6585
6097
6375
1693
3837
3741
4488
3591
1236
3359
5937
4410
2939
6754
4169
2048
4685
207
4179
6616
41
1189
2059
1300
7132
1583
5233
3561
5561
2653
103
353
4658
7411
6468
2217
1523
6098
2798
4262
2683
45
2729
4652
4307
981
6722
5595
2227
6949
3274
2654
120
6754
6413
4809
6888
967
991
706
5301
5277
2982
3436
3073
802
7051
2809
212
3576
3489
6079
5032
4157
4320
418
4214
6400
6583
5628
5665
4867
3757
1817
4923
5713
162
834
6248
264
4354
6246
4400
4477
2449
925
3334
7455
3118
733
1879
6289
4986
2233
3621
3379
4156
3705
4256
953
2194
2328
6627
4404
5959
4878
6543
5766
5992
5115
6654
3389
7394
5417
7035
7135
6477
2798
2474
133
3947
1356
4229
882
4329
2798
4164
320
3679
800
2394
5266
4720
3464
2033
6916
3116
161
2588
3709
2341
1281
7484
7178
6825
4610
1588
5677
3682
533
1707
1913
6142
3647
6017
3864
2862
298
6439
6615
2457
6492
167
4925
6117
4043
4946
7052
5096
1018
6277
1769
6858
551
2024
1504
1685
2414
5291
4805
2832
7369
1623
4158
7017
2930
5895
6589
5864
5695
6300
6056
6892
6057
3480
2480
5328
2717
6852
4267
1768
1476
6914
5764
5039
1901
5788
5322
6229
2736
2747
6884
7130
1650
7204
6152
3946
7036
1321
4482
4993
3994
1313
2268
682
3943
461
5776
1727
3930
5346
1246
5255
1399
6820
6028
4960
2879
854
5221
3938
4238
145
2374
2066
4856
5000
1476
4036
2219
1184
3923
6627
3980
4845
738
1878
641
4445
2369
5120
2634
2920
3344
1757
2321
5043
2007
6993
345
1401
7272
4447
4142
504
3627
4386
6227
2625
3613
4159
5772
2159
3703
2542
3512
1551
6291
4940
6383
1332
591
4356
3194
4810
346
243
1840
7402
4947
6705
307
4108
6383
2936
396
1709
91
5787
3636
4061
2080
7336
2606
652
2596
420
2202
5309
1522
1361
2695
1863
2526
2086
7004
5232
7482
2184
788
1221
6345
7413
4366
3213
231
7241
7449
984
1950
3672
5234
5190
7376
5410
4871
7199
3453
2415
4646
4886
5344
5276
3063
26
7278
92
5450
3831
5731
1812
4371
2465
2405
2397
3033
5823
359
4922
729
4243
6243
2774
3701
5262
589
6117
7095
4097
5917
3161
5908
7469
5196
1297
3151
5236
5002
560
3335
5921
4814
2623
863
3046
2155
1436
1527
1690
3676
964
1016
2633
4740
2366
5325
3464
6952
502
3231
2433
6614
5700
1541
6824
6254
3480
5413
4834
620
3463
5483
2743
1429
7310
2936
867
7319
7344
5230
741
225
2318
6165
4216
1380
6754
5738
5067
6548
7096
2443
804
2946
832
4651
2618
5123
2458
2423
6703
1198
2057
7335
6453
1936
6032
3100
985
5845
2835
2942
6014
4338
4433
4485
480
2822
6982
7168
6873
4178
7315
4719
726
318
3043
2176
6063
7206
670
6301
3636
4778
6774
4653
6883
4862
1561
2705
6059
4689
3878
333
160
6656
1383
999
4146
123
280
2552
5537
429
6139
1166
1638
3987
855
2383
6191
2619
353
6933
6188
1846
1421
2562
6690
579
1082
1219
7386
1866
5140
3452
6335
5470
5490
5440
2194
5404
4282
6976
2494
146
4749
6837
104
7367
7013
1988
274
7135
1717
1065
2484
3663
1703
3975
5360
6940
1545
7179
4405
594
1175
5584
3479
5697
3370
2440
2695
2959
5765
5170
2918
5752
3852
4588
3197
715
1125
2411
3399
6870
2408
5541
5031
1349
5028
6531
5666
6140
1148
145
5733
807
3477
1456
7124
3652
525
83
3218
3197
5173
3413
4916
1899
3764
5114
5133
7487
4503
3272
6784
7187
6537
2435
5966
2560
7432
818
5329
4635
4899
4337
4486
6215
655
2584
6278
680
3601
5248
1070
2982
3078
477
5264
7320
1126
4172
591
254
1854
6992
4628
1570
4385
6141
6069
6964
4162
4884
5919
1786
5564
4830
2627
1228
2713
6648
709
4880
7449
5760
3635
7245
2843
2302
5790
4506
2036
5770
7436
5246
3820
3538
6135
7135
5606
3599
4707
6881
212
2454
4681
813
1417
3673
2644
6947
739
4892
7341
5668
5801
2770
1495
4304
3129
6517
7438
1109
1752
4303
6119
5166
7175
6609
594
1131
4382
5458
2940
1110
6804
6286
5888
4014
7190
1674
6158
4780
4968
1872
7254
2253
6834
3263
1559
7110
3692
2452
5520
2078
3378
1516
6189
6913
4655
5379
2899
2522
7333
3806
4517
2165
4055
3966
110
7063
3789
2404
60
6155
6901
5729
852
2646
3611
1647
2942
3130
1024
2689
964
477
4800
236
4073
3401
3266
576
4767
299
2021
2275
6382
6561
7216
7405
6881
5264
5284
116
6679
812
738
3102
6467
3887
1384
3889
7353
7130
3640
5299
2342
112
3272
2400
5672
2156
7410
510
5854
2694
2080
1692
1462
6345
1593
6738
1619
1716
3422
2041
5531
3815
3867
1459
4503
3341
2070
3318
4535
2984
858
6674
1802
2129
5197
2908
1985
5727
636
2802
6508
4063
625
4458
2117
4094
7060
236
6894
2115
4699
6288
3891
7163
3431
3644
4405
4519
579
3558
4994
6230
5476
7350
4076
4888
3360
1544
4881
634
4780
105
225
6319
3125
413
4388
6237
1386
3596
4504
3346
2592
4325
308
126
5192
169
5811
5534
625
4072
6142
6462
5487
3211
7428
1864
7192
2155
6512
7101
2110
1522
5110
126
7282
2652
6883
4308
4915
6615
6695
4524
3688
820
3489
7207
964
4466
650
1057
3732
549
4672
7357
2394
1450
3698
1485
4205
6786
2312
4708
6961
3565
5497
107
4058
4760
5669
1424
6754
4446
5894
1962
3
2660
611
1593
316
2720
6102
2113
2182
3301
7455
6543
1263
5146
6434
2896
1555
3956
1708
1859
5043
1678
4215
22
705
1840
4623
1889
6717
4460
3376
7195
6065
6273
3577
4149
7323
7117
6408
5397
5101
95
3888
3908
6024
4158
6361
4600
6807
414
7194
4818
62
5481
1156
936
2105
541
1704
1019
6670
1561
6459
6839
3611
2037
6588
3015
4491
1259
4602
557
3341
2744
6019
6852
570
5584
2229
1330
4107
1424
2478
2525
1339
4582
4577
908
6556
2803
2857
4453
1697
7009
5966
843
1788
630
6047
5716
3490
2225
1541
6058
1480
4144
5119
2750
6585
5932
6379
2849
6786
6285
3594
1515
5629
7370
3300
6402
3165
2245
3189
4981
7152
1840
5873
4530
3212
4389
503
3634
6101
2095
594
5707
1416
14
4077
4052
6088
2860
1015
6925
2117
223
4879
5678
2434
1520
4559
4531
6192
505
2053
4998
794
2038
2692
4985
2496
3437
4407
2570
824
797
843
3769
3928
4127
1436
2269
6997
529
4190
2351
4274
4819
1179
1112
684
1871
3348
5534
6750
392
2241
1147
542
6212
4250
2375
3127
6279
5020
7295
4154
1980
7238
5535
5152
4255
4572
6692
2858
4920
5762
6870
4036
1380
650
4678
2692
429
7013
6912
4758
4541
4355
5262
5429
4280
585
5080
3913
4023
633
5763
6513
490
2157
6277
2385
7345
2554
4710
1752
7020
1512
6507
127
5056
2503
1092
4681
7250
5120
3456
3796
6558
3746
3373
6423
5888
1932
4685
4926
7100
7271
833
3243
4361
4946
6680
2825
6362
2730
1108
6458
3817
5673
1893
5224
1031
491
1415
5805
7152
2755
2659
3713
7184
5188
3449
5783
5311
1663
2349
7271
2379
4286
1244
4729
5696
3323
1371
3083
614
6871
3760
3254
2567
3575
5664
3789
7215
5585
5085
6166
7472
1932
1224
4036
2218
1405
2146
3663
6421
4638
6933
6943
5272
6465
4702
5154
2287
1690
4955
4372
1800
1378
6351
2306
4014
7312
1449
6269
670
954
7202
6977
415
3729
5527
3993
5857
5158
564
4105
1443
6445
6592
5626
7439
4628
1425
5456
7318
6514
2699
7278
1177
3594
3505
219
4702
3602
3311
6125
1781
6669
3948
6150
3740
89
17
4076
6541
5907
6443
1070
4635
6296
2202
4561
6171
1664
3182
1805
742
5090
3851
2872
5552
5092
4622
4509
4108
5899
5307
3775
4247
6915
1154
4593
1663
1343
1041
3066
6117
2543
6919
1153
5639
5479
3772
6163
2688
4069
570
1730
6649
6056
5224
1098
2714
3900
5741
4487
938
6121
5476
7218
5645
3687
2572
2201
7332
7265
3207
1802
7054
1107
424
2608
321
5410
6257
1012
6504
1094
5695
6379
6169
1103
1461
3093
3115
661
5112
2931
1754
6982
5967
7266
451
7382
2365
5167
4775
6866
7192
120
1692
4310
293
2485
4731
6777
4514
3536
4716
2104
2982
4271
2913
2911
167
4339
6395
1239
4414
6247
4827
5369
3334
5619
4904
432
6431
2703
5461
2010
5820
6276
5818
1860
2316
5617
4589
4305
2578
2732
1359
7278
6119
6732
1781
4283
6421
6967
2069
1699
5318
6780
1065
4889
4568
242
3393
6884
6588
157
6904
4288
237
7239
7193
2723
5951
5776
457
6256
5066
151
4911
3081
4069
2512
4169
1945
6339
3490
1206
5672
7242
2670
4285
1976
3898
474
5733
5158
1969
3101
6350
4970
921
3968
4009
2436
2324
2114
4528
2187
3437
6241
609
5872
6342
6060
257
1540
6654
846
3005
2827
3264
3496
2269
3521
2635
4112
4006
1619
7410
1178
834
7139
4516
4119
6129
3394
4941
5078
2755
2810
2619
2271
2329
3932
5561
5311
3034
1348
5761
1406
2775
1000
429
6515
5827
7052
1336
7054
4010
971
3428
2797
3060
3663
1113
681
1674
1783
5095
3833
2444
6754
2165
6471
1634
1888
2405
7183
3786
1593
6937
5302
2312
2130
4081
2607
3022
1496
3251
330
1201
709
5901
934
1492
3578
1220
4921
6384
471
3434
1523
6481
6525
5598
231
2753
6797
2040
1642
1703
5783
3505
6010
6880
5918
636
6388
7422
5487
6243
3744
1860
1249
3489
725
1538
6060
1946
3047
5086
1799
7158
2856
2141
1576
5110
5267
254
7034
6020
3277
2236
6086
4874
967
1482
5191
6558
1850
3947
3956
6593
1490
1443
4373
4350
1817
3375
237
4094
2307
5869
6106
1295
4939
4568
6720
3098
6377
4612
3580
6838
7388
1257
1070
6359
5240
291
3177
2047
2164
6105
715
7436
3250
5258
6526
251
6159
326
905
4829
5394
4877
6929
3305
7326
1735
6495
5525
5591
2368
4727
3890
3983
5554
5667
7376
6306
3274
2286
4247
3052
6772
2236
6169
7247
584
2410
116
2511
3882
7380
1378
4567
6717
7468
1152
6251
6024
1242
6056
337
5193
5066
193
353
396
517
6790
3919
5164
1011
4962
1331
7453
247
343
1081
5098
717
636
577
1577
6366
3825
1506
6770
1426
1259
47
5005
2570
2550
7057
4621
605
4909
3979
1341
5092
2316
3721
7441
6743
4039
1020
3991
400
6582
2437
1612
6298
3812
2065
883
5179
6979
5940
2015
4587
3788
6453
917
4581
1420
5949
6497
2629
3922
5441
3531
3720
5118
4787
4748
3579
7060
5630
3466
699
5083
2562
1617
1786
5541
4682
2594
6971
7143
612
726
6300
89
5083
6440
2001
5369
400
4012
5110
3798
103
7109
6869
145
3210
6622
6458
2747
3752
5578
2684
3893
6716
4866
4697
4649
1225
1315
2995
3298
358
5269
3993
1336
6043
1142
741
5677
7346
3276
4587
1004
5136
7087
536
1324
2941
5411
7458
1649
3679
1975
2451
2220
7391
5942
5745
2573
2494
223
4901
1091
4282
1812
7265
4531
1622
6911
2200
5777
4832
4238
6433
3783
4042
1029
2039
5204
4552
246
1987
2502
847
6421
4556
5409
2612
5850
3925
6185
1577
1117
4770
4758
3393
2808
1493
6991
3724
1696
2972
2612
2577
5301
2843
5313
4747
3880
2239
2488
2943
6468
6410
2107
2888
2501
3663
3076
6394
3094
7051
5113
4053
2861
6782
1908
4782
2321
1620
300
5308
3043
647
3959
5157
5979
4713
168
6148
5074
844
5721
2915
5693
3866
5514
4801
6421
6985
4575
6785
2477
6239
6397
3699
5723
546
977
1673
4339
5463
5846
3399
2654
1179
9
3600
6693
1393
6950
3228
1981
231
5070
4887
1332
312
2967
6199
6335
3648
2505
2086
2249
6926
6749
3831
5123
2012
935
6699
1965
6053
7333
1429
4916
583
378
2631
1414
5464
5569
1641
1032
1282
2555
6799
370
5308
3788
4078
7038
5469
2179
6460
1259
2132
260
5501
6205
6585
4412
4563
208
4975
5613
5114
4769
6919
5175
1329
4400
4057
5286
993
3423
1518
2081
4475
7071
3637
5172
2790
6518
3504
2183
563
5822
6324
2696
5057
4782
6986
4620
4821
4111
3464
7457
5166
5497
2482
7435
1402
2280
2146
1465
301
674
3356
4059
3500
1258
2824
1863
7043
3420
5190
4621
952
6376
4894
3935
1182
45
2897
4750
197
7091
3149
4483
1368
4088
4590
6379
4615
165
5215
2466
6205
5497
6746
1986
2465
4676
6812
2832
1028
3394
5781
6359
6393
4058
4184
1059
1505
5409
4428
7122
1980
3008
1237
3181
7214
987
3130
1830
7215
2968
1617
4721
2200
6504
4450
905
7322
2661
6153
1665
6854
4330
4566
1000
128
1339
2779
4582
5242
5108
3093
1893
5137
6477
4605
1789
6438
6265
6502
4048
2650
1369
3751
2742
2524
6820
5002
2696
1572
7004
6325
2468
2753
3578
3286
1017
2069
7288
1069
6481
5001
1286
5262
4034
3420
1104
6036
1577
6061
4369
6418
542
3708
6555
630
4404
163
844
6352
2768
1738
1222
7269
2398
261
284
3175
300
1614
2385
3090
7312
3881
3933
6641
1557
3986
5082
6455
722
5050
1849
6090
6327
6594
1375
2170
3333
2966
2624
5226
5000
2940
4515
3851
5987
4209
2875
4959
101
1481
3289
2901
527
3828
5718
912
3363
6057
5186
6810
1244
5766
7173
3094
2520
447
3169
4662
1483
1376
900
6302
3629
2254
1446
1515
1287
3042
6324
5780
711
1073
3517
5427
7238
6980
4730
1493
6443
1607
6510
2708
1431
1642
1687
3862
6896
1835
1456
4122
6200
3527
6088
6491
4734
3317
1184
1501
5394
4648
2273
3064
150
2550
5421
1211
6417
3814
6832
1182
1486
5820
3026
4649
7075
3584
6604
886
4391
2599
7305
79
3618
733
1436
304
6631
3512
2944
195
3600
6163
5619
7481
1130
1441
5372
3342
5544
913
5604
4310
4059
6330
992
6751
1712
6264
7273
4126
462
4350
2352
4533
6874
1571
3493
823
3033
7403
4976
2356
1853
2939
3831
7441
3756
4617
4511
1404
415
5455
5950
4808
5343
6843
2494
1879
190
3004
4545
2222
3568
2140
112
947
532
5005
113
3831
1207
3771
4541
2390
3993
3039
4608
7274
1908
6182
938
2316
6061
6618
6770
1670
865
6282
3669
1227
5372
5054
3176
6686
2406
1137
2278
5914
5352
7426
2450
2683
3978
5703
5170
2545
3571
1844
1614
4318
6229
4653
7468
5038
2852
7231
3117
3551
1769
3672
5632
6239
5468
499
3190
5234
987
4358
2178
721
5834
1860
2183
1217
2669
2479
5029
3218
4377
4274
1737
968
5135
3993
1242
2087
462
4434
5653
4419
568
7124
6560
6938
1916
2963
979
2078
3391
2258
3755
5313
5602
4189
5768
92
316
991
5271
1312
1281
3753
346
6443
259
3978
988
2618
4248
4962
6360
310
777
4038
5949
1797
5274
1209
3775
7155
6239
881
4602
3173
6712
1678
1098
1304
748
6048
5855
4572
1885
4049
1923
5417
7004
1584
5193
2196
2066
5676
2485
700
3945
6354
6170
4207
4564
5515
6563
2183
3131
2888
6143
5694
243
4663
5155
4041
4896
4345
603
4910
447
837
6610
4665
2114
3592
4286
1145
5788
6337
2480
7208
1099
3293
6004
3605
7255
5339
3102
6735
5989
505
497
2671
1429
7371
1993
4931
69
6634
56
1761
5856
6678
1713
2119
3574
1769
6555
3104
154
326
6613
5976
6459
4222
4171
290
7167
2954
336
4656
5135
2178
6997
4377
6064
5079
7315
1650
6658
3636
2837
3494
6884
2808
7442
3942
2392
4271
5447
6226
6932
1146
6988
6887
4346
3401
4634
1787
7392
7428
5229
3932
6873
195
6939
1519
641
5191
2565
6126
3012
7237
6360
1472
1887
5974
1180
2120
1306
5363
2703
2202
3302
6368
7242
5393
6463
2558
1906
5272
6962
3620
2281
160
546
6603
4134
630
5729
3047
1975
5235
2334
236
5230
5896
2681
3698
4504
6956
6326
1019
4014
305
4068
343
4018
2742
5082
5546
5622
928
7325
6127
972
7185
5942
4697
7347
6118
6922
3467
673
7165
4304
4270
758
2333
1382
594
6648
290
2356
2241
722
3850
5517
6800
3655
3526
7140
7308
1880
3463
6753
4590
2867
1661
7002
3468
2993
3434
933
4726
2103
1216
4671
3189
2213
2935
1345
1235
3346
1330
2723
6545
5924
4710
4335
803
6399
5358
5253
6356
4582
4222
5373
1446
6424
6890
3297
2405
6001
3626
3102
4085
4950
1584
1322
219
4527
4496
3036
7109
4816
2996
4431
5273
7447
5324
5048
3303
1634
6808
2476
6891
3140
7401
4487
7410
1269
2942
6668
4402
5195
4211
7417
3784
6465
5193
13
2127
6251
778
5549
6059
4000
7028
2237
6183
5217
1593
3270
4446
434
2273
1689
2336
3707
99
7245
5940
1237
3151
6242
1998
155
2245
3622
6907
2876
1675
5097
2098
1066
5541
5158
2382
5017
2310
5412
5902
6979
5972
2547
3722
1852
5509
281
407
2499
1884
7265
5770
604
1279
2055
2989
5228
4455
6908
2694
2067
1326
4089
1582
2572
5862
4305
1367
2684
402
3129
5903
5792
6654
3488
28
5701
6980
1955
5412
4744
3194
3473
4190
3150
3168
1852
3444
6575
5313
5641
5776
3414
5007
1294
3226
6356
7420
327
5023
903
3956
31
6053
5254
2690
1701
5663
5828
5490
7283
1676
6333
1150
1054
5556
2032
6968
3984
78
4067
5485
6459
2974
5429
6404
5471
5726
4939
1436
1384
301
1707
5709
426
1348
1706
4665
1858
3345
505
7072
1178
1490
6099
5498
56
74
7156
277
5251
6595
3925
508
2620
7052
3061
3206
7097
7355
2825
1686
3596
5324
3785
635
2667
5740
5527
4551
779
5604
2288
656
6275
3654
1533
2974
5299
2462
2552
3434
582
4387
4449
6953
5658
1350
5912
1378
2039
3896
857
3165
6411
5331
3952
979
1001
6518
1491
1111
3324
645
6749
3707
6275
5525
4188
4901
2519
3609
7259
2755
4209
975
7487
5765
7254
5151
1656
6454
2453
5593
3720
3869
4713
4351
0
1461
1056
40
1327
4897
1028
5256
3384
5582
4989
5317
3928
3484
5480
6903
6749
2635
3219
7346
7462
2075
900
2836
6716
5571
1264
1822
4778
4779
718
4147
2305
5213
705
5249
7034
4738
1381
2952
726
3347
957
4809
4137
7418
7025
6400
1110
6236
180
5256
1471
5708
732
5401
3904
5238
1695
4776
2246
3775
1257
4157
663
2652
708
6842
3557
7262
2545
199
3706
4592
4864
5198
3558
7476
4544
6355
595
241
4824
3634
2345
2959
6518
4462
5976
2133
6203
4518
7017
7476
1408
5535
5015
6484
328
2049
1816
7376
282
155
1703
6135
6577
462
4628
4114
1463
1114
3390
5494
2840
1907
7045
3046
4994
5054
4917
2078
5255
3589
6279
738
6541
2139
7415
1082
4285
1785
4330
6377
3758
6185
2903
6618
7489
1980
4178
255
6476
5007
5629
3063
152
3175
851
2661
3376
2271
6885
2715
7399
7443
3047
2723
3834
2094
2897
2099
6644
7366
4520
808
4502
6413
3186
7159
4163
6392
3745
7043
7033
5646
2267
1180
5047
4102
1142
3173
1108
7227
4706
5846
2904
6202
1622
7300
5105
2327
7112
1669
3256
3373
2042
3413
5062
5334
178
2044
2156
5674
6305
2679
6923
3045
1144
1256
2681
6413
3127
1393
4729
6535
1427
5565
2053
7361
1532
3148
1539
3469
3068
4270
809
2748
448
3618
5398
5865
6436
3011
7087
2815
4297
2258
2914
5570
6564
3833
4190
2199
1510
4690
3557
2178
2644
4370
1351
3869
232
4528
756
6575
7021
4640
5988
7110
677
2876
5130
410
489
1686
272
6190
838
570
7035
7266
6871
6434
7439
1036
50
2904
6850
4026
5561
5068
2953
2424
1999
4263
560
1710
1624
1565
7180
6584
6337
2186
4462
5809
3360
816
2424
5892
7220
6224
6771
4585
5934
6840
2300
7265
1324
1034
6053
577
743
1190
4711
3292
1520
5422
39
3614
2155
4535
4334
6824
5762
3314
5426
3454
2957
1480
2446
2071
2042
3542
4353
2519
307
485
1292
6169
2820
2305
894
1200
1136
918
3114
4521
1997
3528
7341
4774
5548
6400
6029
6085
978
4356
4302
4636
1644
7224
854
4217
4542
1792
2596
4736
6200
6926
4551
5932
3233
4168
1834
4103
2438
2819
817
989
440
4767
541
1528
3846
6062
7197
6979
5497
2589
4485
1473
6805
6119
6609
2853
1641
625
36
6431
4872
507
1638
1326
4692
1776
1167
3498
5396
432
5185
5570
5645
455
61
2766
2217
1759
947
2554
1241
1516
3313
2039
6225
4268
3087
3932
1906
702
740
4629
4263
4480
5248
752
997
3244
5349
6148
3434
1579
3717
1595
4461
2393
1800
4377
5585
3774
5090
3935
1036
6158
4460
7102
4086
7321
3686
980
2067
2678
4478
4846
1149
6217
5209
6081
435
2180
162
1702
6272
6103
3725
6900
7412
2089
1081
1700
630
6863
1627
6549
6810
1183
2003
4716
7198
921
5637
6500
6600
1178
1232
3645
5267
1282
7418
1669
2243
1266
4797
4780
4070
100
1066
530
6802
4730
3669
2845
5593
5689
4581
5417
4636
926
5666
1531
3188
2000
4505
6725
2583
3481
5539
6820
4983
4004
3466
2933
3125
7483
1694
6918
6217
6082
6768
4868
3842
340
3537
6778
5852
1118
2145
7265
7302
4959
5969
1108
812
1178
5632
6176
5425
6844
7391
6165
5271
2849
414
3811
2340
4018
4280
7231
4491
4217
5545
354
3056
6776
3111
5392
5221
2297
6970
6911
2716
4195
6508
1575
6902
4243
2213
778
1117
5126
5665
3973
1486
3450
309
2318
6853
4541
6277
7196
1614
7005
1679
6113
710
3146
812
2231
6251
466
4416
7227
4021
1594
803
6632
758
5147
509
7319
285
1960
3803
3008
4096
3728
1128
4027
5123
2812
5459
5630
7485
5642
5426
1200
2806
4329
3236
7283
4698
2613
912
2759
1030
6647
5258
2870
2145
7266
683
2961
4302
2485
3077
1569
365
4773
38
6692
2032
7044
1819
3394
2696
1708
2401
2503
3669
3422
4014
603
170
3485
1953
3497
2347
615
949
2326
4026
7400
1196
6582
176
6958
273
6541
6781
1130
2471
5499
5150
2944
389
1959
7031
4599
3016
634
7334
484
4620
2948
116
2300
3123
3228
1307
4261
5987
2292
2348
869
1455
3729
3630
5427
4910
6452
201
7372
612
7159
5869
5045
629
5327
2815
6375
576
2806
1486
5896
6513
5034
6550
6937
3051
748
1463
4914
2378
1176
4829
4145
3836
7054
6917
1447
2576
3538
6087
5293
3916
6925
5246
359
4255
6024
5262
6612
5904
1198
1297
833
7120
7249
6534
7296
532
3778
7438
6229
2784
3714
3468
1156
5852
3150
2521
5106
5298
79
801
6387
1471
6751
3017
3965
3891
395
7350
3726
1576
3922
810
4444
5199
4013
7071
1193
2111
5445
329
7151
3475
6081
4586
5698
4390
723
4501
829
1878
5014
2742
6692
650
3340
6534
5780
6921
5879
4186
1021
6817
2422
5175
6996
6656
6421
3961
5716
1047
3553
3604
4851
417
4950
2385
5427
6863
7348
2006
2804
2222
5241
654
5574
4565
2860
1112
7291
293
1971
4398
6989
7051
2619
3937
3986
5089
890
892
4489
3705
3974
1531
7070
2979
6649
167
6424
4146
786
4555
7282
5215
502
6118
524
3442
3268
4356
2050
4246
6474
3322
5335
1156
6340
2615
2289
7168
6696
521
2157
5440
4989
6881
4456
4557
2638
5143
7167
172
3155
3269
3652
5869
4033
7256
7241
12
5047
6893
2818
4622
993
5503
525
5066
5146
5195
2758
5114
3698
178
386
7480
3325
6571
4727
2159
344
5697
2141
6679
5402
220
2993
4988
4176
486
2095
2120
3337
532
4351
111
4404
2103
3680
5769
3495
1801
3841
6111
2278
53
6017
3586
3110
632
2046
2381
6005
5285
1406
4622
971
1100
1886
5616
5385
1386
6949
6048
7406
4181
5620
4774
5979
2224
2305
3744
49
7091
1237
2455
5342
3217
602
1885
7189
5601
3075
1875
2251
4187
3039
598
806
2084
5870
517
1897
2594
1778
2464
5695
3003
3954
3408
877
2981
4130
2363
3515
1179
2914
7294
47
5626
329
4934
6221
2462
7230
2116
5738
5603
5798
1425
1648
4069
6602
6363
5460
4873
6212
2458
5499
6412
6516
4675
699
5989
3120
2075
7242
7169
4269
1099
849
3452
4099
1916
350
7043
7272
6166
748
5954
4053
87
3856
7326
7105
7066
2810
6227
1486
4953
6746
2609
5059
4388
997
7207
6272
403
6392
347
4666
4344
507
643
4814
5011
1285
1319
3545
4115
4711
3706
6246
5635
971
5752
1332
5577
7010
4729
4640
5454
4189
2585
311
4459
5811
6692
7444
2472
6164
38
7232
6648
127
1595
4235
6756
3576
7374
1596
2901
4509
5725
6159
4805
3723
3091
2354
3814
6853
7217
2185
1595
4503
5374
3486
4832
2201
913
3470
6197
5695
6461
5699
4222
3703
5737
3419
1162
1977
2066
6762
4930
4488
1942
1358
6842
4714
7475
1828
511
5456
5645
6551
228
1396
4941
3791
5014
3358
7067
4052
3818
3022
3142
6541
4603
2244
6280
2380
294
4628
2045
2666
1687
3032
994
3169
4425
40
1103
6330
7205
4208
2532
4905
1091
4884
3737
6484
6219
4215
2513
6648
1876
2818
6750
5775
2920
5509
4200
5959
1491
6299
2728
1685
5004
5167
4791
6050
7474
1711
6019
4963
181
6208
10
6495
6303
5464
7267
4641
602
6780
5207
6616
3342
170
6021
7428
3355
1564
4345
1485
253
176
3438
3790
2697
5875
1890
459
5150
4937
2657
599
209
2462
7443
3185
4041
7451
5127
1891
6722
1821
3509
1282
2993
6411
1738
1857
4037
6115
7255
5392
7421
2802
1828
1338
4982
4865
1964
3970
116
7417
1643
6983
5146
6427
2763
5395
1171
7089
3456
5118
3252
1833
6171
3245
1492
3076
406
4185
6382
7295
6758
3278
2422
6138
2994
7108
2551
6973
1364
2033
5669
1867
4118
1559
1876
5583
1311
6237
4729
2787
6367
4773
53
3189
5221
4360
1491
5413
3437
2997
2862
1988
7463
3905
409
3470
5903
2473
3872
6791
6474
4483
4924
968
5109
2886
4758
5726
4461
2075
7266
1012
340
81
2827
6533
176
3157
1779
1522
1306
300
1320
6654
5933
3867
2961
2360
464
6316
4964
4470
4378
2427
6110
5003
3733
3908
7278
3319
2723
2889
4710
1740
5222
4961
5631
413
274
5495
2219
2803
802
392
6974
3884
5611
6887
6734
1235
5425
2398
6029
1695
500
563
1678
1312
2730
959
1139
4340
584
1104
2010
7267
4218
197
2089
4845
5621
6697
6740
5165
4128
2285
5143
4883
5227
6200
1213
2688
2653
2395
6161
2886
6469
6950
3316
491
6251
3892
7208
2939
2844
2310
3921
2538
1628
3011
1961
6020
940
7465
1373
3911
3193
5108
5594
4287
1353
1988
834
5422
489
6106
5738
2923
2043
3016
4429
6293
2317
7421
3783
7213
4331
2288
7431
4908
6871
5652
2975
2299
3771
3834
5342
1890
829
897
6193
4300
1331
6142
931
6881
440
3283
50
4361
3620
3113
6424
385
5820
3654
2770
2213
2786
6330
5885
5909
6060
7071
3214
5938
1303
5100
4296
3744
1508
1115
6066
3797
1918
5861
970
1289
1804
4719
4334
7242
2411
932
5914
3312
3159
7182
6510
3993
3571
7028
5686
4874
1207
4821
4512
361
5086
995
6179
3503
825
7322
6190
192
5995
4663
1263
1687
1311
2454
2550
4204
2236
2491
4166
312
3575
6506
3460
2371
3780
7199
7407
3817
5295
1605
7340
2019
6482
4735
2433
5567
7313
571
6381
3635
2081
251
6893
2506
165
6003
3702
6512
