3087
1282
419
495
676
623
2293
2782
1934
1033
1536
170
567
1213
2833
1819
631
848
2548
1900
3965
2469
1458
2055
735
3100
3396
843
3388
2804
883
3017
3914
3153
1710
1807
1154
1753
391
3099
1604
600
2346
1490
391
963
3099
3081
2753
1881
715
223
112
2022
23
2606
1923
2625
1245
1750
3208
1557
1659
1178
914
2909
262
454
3430
3432
3684
621
2
2621
262
2162
3883
3992
1126
220
210
2513
441
3949
1859
318
944
1451
713
1359
433
1373
481
2551
3949
2610
1657
3018
3102
2522
3653
1954
3647
376
1182
1212
1064
1775
3415
3743
1412
1882
1758
1116
3984
280
3754
465
3795
132
3207
552
1045
1315
2684
2493
1437
3766
2677
764
3147
1519
178
873
3534
704
3147
569
258
174
1214
3261
3114
2117
3639
2911
679
646
2522
1316
722
3707
3280
1266
1916
876
1964
2411
3679
713
2329
3768
2271
1767
3330
3777
611
392
2845
3480
2859
3475
1813
1621
2669
1026
3122
892
1455
1178
103
1403
1667
3766
3544
783
2042
2236
3110
2215
1286
3601
1689
1312
3505
3560
3465
1071
2931
885
1416
3229
2868
2336
1871
1484
1055
2037
3204
3960
574
3161
2501
377
2904
1399
980
1573
708
3160
958
2802
3720
3856
3529
1785
1235
1525
474
1654
1395
907
3617
2348
1459
91
1281
2405
3861
2946
2080
3127
520
3717
2151
3555
3558
2114
1910
3415
3821
3650
840
3794
88
875
734
3815
3353
3218
3946
1435
3285
750
90
3593
3323
551
3167
3141
1283
1004
2138
798
3392
2116
1634
3740
961
1533
2484
1960
2729
2369
1879
235
201
2854
3146
3631
3063
3172
1581
737
2030
2145
521
1528
1953
2024
1533
432
2333
601
2534
3311
3930
3610
425
617
3165
2314
3552
2110
2541
2166
3328
544
1584
1349
3747
467
3458
1870
1686
77
2802
41
3745
1278
1208
1827
2734
2537
278
1803
120
3151
2923
2057
1234
2477
2894
1998
3408
988
813
1511
1046
982
257
3979
1020
3032
686
1716
2394
2243
2100
3498
278
2237
3349
3835
1191
1364
3236
3495
68
3459
358
2807
910
109
168
3469
2679
1861
3612
2199
78
2896
3249
2269
1001
2243
13
154
13
2150
2346
1416
3452
1306
1707
3348
1755
1238
2106
208
31
109
1439
935
2932
2316
2846
3051
1802
2719
2190
1194
3612
2707
2994
1631
2462
1494
245
1669
1986
187
2823
2919
3079
729
2286
1234
2303
1907
1899
1068
3164
562
2923
2333
1174
655
3366
523
3579
2605
1271
3109
3443
322
2169
21
1071
2967
3034
824
3694
1797
2206
458
3371
511
243
1978
1703
3598
2412
1021
3982
1207
797
3102
1257
857
3282
2643
3967
3795
3468
2219
3176
3714
1241
1795
2096
3464
431
55
2213
3144
37
3094
221
974
3181
2287
1766
2316
50
2184
267
2078
2634
1549
1760
1711
952
2469
1483
1621
2145
2304
2927
503
1736
3756
790
1231
3208
391
2266
3018
1070
143
3664
2955
1553
565
1393
2480
2287
2768
2375
3597
1157
1326
1840
276
2186
3845
3538
823
3113
840
2299
996
3289
3829
1556
2414
954
2571
1730
2572
2926
3481
888
1307
3058
1873
2012
2047
120
2235
2484
2439
1795
454
2605
2669
2877
1689
808
2269
1592
1256
3330
1773
1119
1570
94
2635
1528
2503
2384
149
2618
87
3721
2752
3205
102
954
3548
2785
267
1383
1199
374
2904
3114
3774
1413
1187
1473
3147
3779
1891
2997
951
464
3287
2792
2184
759
3008
570
742
3428
2190
2071
224
3164
3064
2848
1388
2238
3973
2581
1419
3157
424
1789
3466
3894
3049
2193
805
2141
2077
3115
710
2014
1015
1094
1291
202
3064
2034
3142
3969
2242
2198
253
3438
3019
706
818
963
909
3025
3933
1489
794
3511
2934
2308
3660
1901
2543
2618
3867
3318
2077
446
455
652
1943
3973
885
332
2774
1828
2903
1531
3325
332
1060
3027
1875
2948
1383
3151
3883
2561
1043
2479
3749
803
3059
3975
3405
3311
1471
2730
160
3941
3339
1455
2127
2109
1434
2237
3869
1859
209
1369
1506
620
3526
2248
178
2228
2582
1059
3864
534
3317
2871
571
3047
289
3349
1571
1551
1520
2365
1397
3621
2183
609
3353
3942
3052
2233
861
2353
3283
3780
1170
1474
2389
2261
212
1897
575
1089
3272
966
1959
3971
3773
1668
1145
1642
2453
2927
2319
1857
541
3283
3583
3992
568
2002
1838
2612
1338
1506
2754
2384
2512
449
2614
1517
3357
2197
1190
2750
2846
2308
3466
3817
1103
1613
2144
58
1447
2338
1474
3754
2974
1859
3894
3623
3600
3703
1956
2529
121
2473
1954
1329
2399
413
3723
613
1455
3918
1359
1580
1760
805
2244
3291
340
888
3930
3481
1981
3708
3564
494
3804
648
3345
1410
1124
2377
2514
1493
1470
1307
2711
3099
3909
2987
1275
1105
2321
1222
3806
481
849
1660
1368
45
3217
2967
3850
3036
3163
2322
2641
3166
3930
2456
3700
286
2138
2203
3549
2979
3244
1837
2852
386
2117
94
903
3748
2405
3890
790
1104
2741
2654
1130
2165
1865
1887
3734
1973
1190
1112
2677
3089
3261
1734
2595
653
437
2497
2824
256
3079
3889
2671
3163
707
746
2389
3731
1776
1126
3196
2989
2128
734
3423
2821
2881
2660
128
3546
3296
1088
2365
2457
425
3685
481
805
601
3536
1495
1152
3572
3644
3674
1337
1186
2756
167
1330
21
3702
1972
3596
2694
2352
2490
2801
1437
3067
3981
798
3118
1152
3852
1099
2912
3915
724
1241
394
91
463
3735
3831
2978
3242
3664
1384
1087
2468
3092
1272
3798
3618
3617
1019
425
1055
143
1375
1717
3009
693
3893
620
1607
3259
3145
1258
3230
2141
1964
2390
3603
120
3923
1751
2402
3668
88
1264
3821
910
638
2234
489
225
2195
444
690
3632
3470
1257
3871
1811
1527
3959
2512
348
3910
3287
1124
2853
3107
3606
743
1655
1805
271
1384
2745
3318
586
552
212
3403
2805
1166
3263
1586
3454
1208
715
3180
778
2668
2381
1753
3189
1613
1507
411
2054
2249
997
979
3118
1743
2474
3144
3870
2878
1812
742
2050
1880
3801
802
3901
1269
1134
1372
3586
1364
1970
2941
908
2668
1877
800
475
1921
3299
1005
972
2419
3953
2688
3731
1392
2179
2217
1783
3785
1783
2540
1259
2945
3058
2568
1573
1634
100
2997
1052
3626
3290
1830
451
2115
2017
1550
1340
337
1458
2304
411
1732
190
1166
2296
2925
2199
403
1552
3853
1656
1836
2969
3208
82
1120
0
1657
1044
1921
2753
3679
3927
3403
3362
437
611
2409
3244
3168
706
1783
2791
1217
3327
1569
2418
1194
217
459
891
2669
1418
42
1697
880
1070
751
355
3741
1171
644
3748
3286
1756
1039
3390
3493
3057
2579
544
1170
2503
534
262
3022
520
3774
3028
3275
2974
1684
2862
3438
2561
2474
2774
3453
58
2808
1891
3987
3763
2850
474
1875
542
502
1164
1209
1503
3826
236
3595
2646
3042
1995
1166
45
2695
2930
373
1850
1107
1211
404
3313
2768
3820
1428
10
2112
1650
1631
170
3584
3990
3738
2064
1318
3070
3891
1887
1353
3715
592
1955
991
425
70
3554
2241
2625
2347
2464
3435
3831
3875
2638
384
1496
3191
977
3723
2757
1189
2315
320
3916
176
3176
1824
1513
2359
3718
219
2745
2723
353
2448
1814
2586
475
2256
1748
3058
357
3617
2518
2079
2957
2686
2542
2988
548
2236
400
1352
3562
295
401
1016
791
2218
3681
1931
73
1582
1794
3083
742
3194
1156
2638
2381
1337
1439
2924
3037
3001
12
971
705
687
1633
3447
2070
3191
967
3533
1979
505
536
150
3220
584
3802
3025
2107
3653
2099
745
3075
2496
3657
3238
1962
3934
3383
895
3867
1622
2989
2637
1597
3957
1637
378
700
1953
1469
696
2194
891
2230
1615
2481
893
3080
2350
2831
1891
1632
1539
3663
3015
2551
2405
2216
1796
16
2094
2100
3740
109
935
1271
1685
814
2363
1450
1054
1064
2765
2595
1967
3102
3334
611
238
543
2118
828
3086
91
2620
2780
3282
3843
1297
826
1936
3164
2174
2268
3152
704
1629
2274
3827
1937
2845
243
657
3675
3856
3235
698
3781
2111
2845
510
3923
3357
2515
329
3803
3064
2911
1958
3041
108
276
932
2450
2289
1126
3638
2297
2933
83
2644
2114
197
620
2430
841
676
2372
1633
2462
2174
661
2002
3319
1974
2825
2808
2449
156
491
3238
3621
3482
3754
2822
3875
781
327
1649
2414
3825
2876
2330
788
3221
3561
2058
839
270
668
1702
1981
1320
2524
174
1729
1495
435
2143
307
2859
3797
3351
2211
2177
2673
504
3365
534
3219
1541
2033
1270
3635
2218
187
1459
3198
2937
970
2354
2718
1103
2390
128
2505
1397
3651
2082
2339
2369
149
3465
113
3837
3375
1859
3739
2367
3659
2094
1021
472
2168
488
1291
1001
2187
931
350
270
356
3924
3999
3838
2751
3498
3758
3275
434
475
1583
1284
1865
890
3506
3803
1820
3941
350
96
746
955
1018
651
3605
2955
1367
57
3161
2439
1949
814
138
3640
3281
697
2185
1130
0
1237
770
552
3850
3083
1062
387
1645
853
1280
2603
3885
510
3893
1056
2238
3973
605
3810
46
2752
1945
2853
1233
444
3600
2369
3625
3075
2986
2917
3026
2295
1448
459
40
1306
3901
1959
3350
2864
2797
2201
3804
1756
1441
1154
3036
935
1764
403
3937
3296
3198
2816
2636
3837
2858
1492
2844
991
1685
222
1401
244
3254
137
1118
1429
36
2954
1888
3728
2169
2514
3167
2848
3265
3651
2281
1240
1054
2368
933
415
2588
861
3938
1972
76
789
2077
2771
2399
1242
2953
3216
3969
2118
3998
224
3791
785
2880
2072
790
2492
2251
1421
522
649
3736
3385
2399
3534
2063
447
552
62
1929
806
1833
1031
1600
2690
3099
1083
437
2320
3676
2118
894
3839
1777
1694
426
3820
3417
3961
530
2246
1710
2104
1694
2993
2299
1024
2065
2438
3637
2857
499
1303
1303
3792
3097
2639
1438
2983
658
856
2813
2093
2512
1462
894
600
433
3729
3574
3949
3818
209
3908
18
751
2370
1286
2300
2977
310
1367
2882
1076
2985
2889
3026
3516
576
443
2241
52
2635
2423
1790
1898
170
43
2976
1450
299
1985
2974
710
3921
2077
2525
3647
3504
3315
2212
1490
2549
803
139
3842
1667
2194
1170
3518
3576
2950
2350
1838
1454
3261
2526
3295
2781
1163
1468
1065
3069
1838
3342
1242
1674
1551
2812
2785
2304
1752
2013
2264
742
2860
2730
1999
3175
1159
2996
785
3323
2836
433
117
964
3461
2641
2596
660
3762
1135
33
2348
2833
3906
154
1919
590
1588
874
2614
2695
1066
2664
1740
3623
1666
1519
1721
413
699
3467
3148
1464
174
1053
882
3169
698
1643
2931
3701
3997
1511
2267
414
350
3770
3734
1645
2631
3245
3477
437
1937
1908
1037
231
2487
2072
862
198
749
3071
1617
230
1577
1593
411
1030
2847
2698
286
1351
938
367
1807
3432
3462
3375
274
928
1051
2239
1473
2615
180
2834
2348
2240
782
828
3450
2167
428
3009
3309
1139
1991
222
3652
3177
386
3699
1690
1309
2427
1356
3723
2885
2942
203
3991
3516
1108
3380
2655
543
88
2773
877
3079
394
751
528
2692
2493
2021
388
3123
75
64
1872
1948
2088
2524
1193
3946
3187
915
2388
3303
1769
3748
713
2868
1908
1856
1555
3842
2209
2097
563
2512
2127
710
1221
1153
355
3231
538
3929
3737
146
708
2996
372
1560
112
2051
1335
2872
3662
1348
1068
3213
1132
3068
2209
1142
1088
3764
819
1178
2884
845
2306
1237
1916
3042
3844
100
1459
2809
2901
1481
579
357
108
571
3924
1659
169
2126
2844
110
2347
634
1988
3945
1438
875
1995
2121
2449
2660
1635
2965
1125
1648
1977
2874
3842
1767
3251
2887
708
2713
850
2850
2930
3770
151
1382
79
2250
1122
1434
105
1503
3829
910
2991
2034
3415
3956
32
2147
1748
3641
3103
810
2274
3199
1986
219
2654
568
2377
3765
1685
2561
2411
2695
2271
3225
3564
1055
2117
668
3948
2353
1059
1216
825
3968
3241
651
3972
1260
2907
3727
369
3384
3768
3651
3816
54
3064
1920
2376
2706
3055
885
3803
2136
142
1895
741
323
2792
8
3894
3010
1618
2802
2783
2857
68
3361
1185
1106
3900
2570
769
1837
2690
2236
3575
747
1221
2098
2790
3427
388
1713
1702
3616
330
3492
189
1959
1520
2514
940
1832
1894
1689
3333
352
2925
1353
1434
361
603
2367
1041
3103
705
2524
2005
1519
618
2562
582
3486
3481
1835
3567
2515
1429
2917
1688
322
3233
3662
594
886
3268
424
816
1786
2599
1976
789
1413
3516
1089
3272
768
1212
2488
1892
724
169
1220
2636
3349
3346
3413
3643
869
3989
190
2074
1446
766
2383
1195
1408
3886
3667
2210
3851
3575
3875
276
1690
3875
3589
2663
1572
3669
2085
969
528
3719
2605
1468
1564
3506
2500
142
394
844
2785
392
3016
716
3179
2140
634
2185
943
1473
1126
1792
1372
1532
828
3668
3038
1876
2720
1008
3061
2567
2582
104
3793
123
1576
158
812
3180
1782
2048
3236
1924
3483
78
1716
1130
1593
473
1359
3633
2336
3015
1624
2000
320
1876
896
2802
2792
850
797
1508
1690
48
355
3148
2573
3609
3297
921
798
1748
1563
821
1108
1385
3264
150
399
611
1255
2804
3085
1392
3531
310
2520
2853
1344
3845
1359
606
848
1858
3184
1508
1943
1587
927
3176
503
1176
1365
2827
3097
3836
3079
1344
257
1767
1810
3625
2284
3376
3264
958
9
16
26
2220
1521
1938
2667
3577
2820
1222
1228
70
1666
3221
1553
1230
610
2510
2511
1035
1842
1727
2088
2328
3532
3327
2389
1200
786
648
3886
3221
3782
2115
761
1613
1768
1468
1901
1991
3052
3252
1538
1692
2743
3764
1848
1648
3446
1503
288
3575
3099
3169
522
1236
2325
3716
1579
3453
3819
2049
1291
3930
1237
979
3433
1996
2264
295
3884
3627
987
687
2919
968
1546
1559
2151
241
3463
2927
2396
1299
2343
3270
98
2393
1008
600
3339
690
3790
1214
74
2385
1932
2947
702
3246
1781
2807
2810
906
1895
861
845
1487
2032
31
1363
406
2568
2209
3415
3490
1483
147
1827
2410
2001
351
2726
756
76
1827
96
3229
1438
3161
717
2997
2484
2289
300
3687
3266
544
3178
2326
2204
594
2736
162
3695
922
390
714
2778
3019
130
1900
236
2463
2705
8
443
436
1857
675
3262
2583
3657
2950
840
3384
2389
2534
2146
2557
3089
2495
2563
2258
2705
1242
334
2078
3260
3310
3080
1202
2451
98
3221
1210
2849
816
271
1270
3360
3430
1281
3970
2757
3846
3526
3184
3402
1325
857
2904
1175
3888
2232
742
715
1218
3162
3409
3756
434
1034
3564
905
3633
768
181
361
3762
1562
3787
3826
2538
3836
2845
2935
951
1441
3102
2303
1277
3420
2836
1966
3947
944
1231
2322
605
3816
2679
3276
1562
243
2046
3321
3965
1728
1460
1597
465
1075
1530
3115
3925
929
142
1778
3167
3533
1605
871
445
3071
502
3147
822
126
1107
2586
79
1034
3091
1552
1834
3512
3883
887
3209
2987
3899
1905
880
1515
996
1182
2312
1317
663
11
3584
1567
2921
1879
846
822
1891
2595
20
310
3861
502
669
3029
1450
1258
2214
2348
3895
22
1689
403
2765
665
3349
216
1583
1600
2794
828
381
1620
128
2698
2126
163
375
2069
636
2345
2248
941
25
1018
2635
573
2880
2351
434
3780
1831
1803
818
1773
3184
3241
514
1230
1086
1220
2717
218
868
3586
2241
3811
793
2270
1977
2479
1128
977
2872
150
2244
92
2748
182
1113
340
1458
2194
3069
3242
3704
1389
3174
3894
2237
1951
725
1087
1221
2131
1136
3850
1545
3549
2317
893
91
154
1897
815
1383
3397
57
2030
372
1203
3352
300
3082
493
736
3078
2606
3912
1556
306
969
1762
1625
197
3559
2778
612
1823
2170
460
2862
1524
1055
3305
2885
3767
248
2799
3292
357
537
3594
2691
3275
3294
2150
3633
596
2137
2192
1917
147
1994
136
2924
3914
2598
2021
1061
2325
1786
3429
2337
1302
2889
1391
2526
2814
2833
2600
946
1300
3564
2765
3580
197
2290
115
662
1768
1532
1113
1446
1228
1667
3591
1589
2529
2759
3686
1751
3936
1708
3035
1928
1624
1534
3649
3416
1430
2229
3330
1021
1520
51
2418
1800
3374
2027
2504
2226
1493
1372
2329
2772
881
1818
3635
1493
3775
302
1011
862
308
1108
3203
1322
814
1026
3668
2265
3477
2920
1427
2083
1165
178
2219
3114
3130
3595
2072
2825
3632
92
3363
3369
2231
2258
2015
3378
3831
3230
1246
1789
2950
3253
1904
3528
331
152
3002
2083
2670
1358
3279
3656
3390
2349
3918
2088
2846
727
247
2527
1133
1633
1963
3625
3792
47
3807
911
287
2139
2332
2041
969
1141
2967
3400
2564
324
840
2651
405
907
265
3758
1816
3590
909
2052
2797
2419
2938
2681
895
3246
2116
2586
3858
2869
3560
1264
648
2314
865
3031
3824
215
1995
108
45
171
3058
517
3166
2275
117
2331
2190
2692
2237
1347
506
2852
2900
506
3195
2312
2020
126
2320
1512
1741
2969
105
1487
1761
3512
1969
2239
928
3195
3897
1937
2028
3397
3453
3386
1032
1330
2710
3209
3442
488
2139
556
3417
1575
2677
1906
413
922
2814
1516
610
527
20
2605
3696
3107
2623
977
2827
694
3229
2713
1354
1630
1831
2612
1045
3896
1602
1689
96
3833
2756
2640
766
3522
2016
2321
1348
2962
2416
517
2268
885
1310
617
2594
2874
3439
3248
1535
131
1772
3720
2175
1685
847
1333
2033
1360
2886
1177
1595
3000
1607
2261
471
1649
1745
2153
2605
2794
1306
3351
3534
80
3034
3206
299
3843
467
3202
2864
3589
2747
3233
1345
3662
3016
1505
2991
2270
3768
3340
918
202
57
1149
694
695
155
61
2668
741
2576
3078
429
1154
1757
9
1535
3200
1793
682
1587
352
2270
2281
3522
845
3144
1372
3107
2310
3369
119
1607
2035
3023
3150
945
2265
1363
1489
2997
1544
1063
3894
3948
1777
2107
2965
2161
1365
3339
684
316
2809
2761
3619
2680
310
3650
2314
3522
2124
2160
3646
576
2711
444
3178
1340
2074
2989
778
1788
3799
3026
3019
3200
544
3527
3855
3255
3080
3175
908
893
499
879
2420
693
3820
2827
1007
63
3093
607
3204
855
3865
500
1175
1642
1438
3869
236
1045
3766
2148
937
316
3220
2230
3322
1187
1851
104
1230
1900
2962
3237
959
46
596
213
2959
79
772
3819
3534
638
510
3467
3127
2511
1289
3862
3770
3252
2792
1331
2389
3188
2480
3452
2491
2698
1939
2402
2198
1149
1915
638
1705
695
2258
1142
1710
2245
414
936
287
3082
1450
245
1104
1824
3136
1453
665
3116
2291
3859
177
925
184
1612
309
2689
2644
3786
873
3939
3504
2320
2645
3621
234
3809
465
3765
2022
2985
2939
3120
3489
2823
3397
2960
549
3093
1324
915
1145
3766
2082
1834
2448
2203
429
2170
2018
3282
1449
2418
2135
3436
3144
777
863
457
1274
2900
1024
1251
3336
194
2919
2355
153
3700
3839
3747
2455
1979
1503
2066
3532
2127
1949
3805
2631
1994
1344
1168
987
3295
1204
3721
1670
442
1911
2149
3470
1942
3184
809
2503
725
3039
239
3826
2847
1007
363
1280
3417
3112
1337
3380
2689
322
1477
1670
869
1395
3383
2403
2301
3273
3033
178
2603
1012
1286
2482
461
890
2704
1695
1308
2254
1390
755
3109
1307
897
1768
2274
2042
1825
2844
788
259
872
782
1374
639
2491
1733
1473
2108
1969
720
3984
1530
3969
3304
3599
3459
2220
2289
1773
3960
1572
1215
3707
1446
3192
2262
3400
2295
1085
1450
3034
2532
1018
2148
747
1096
176
3494
3070
3792
2884
3877
636
2223
2219
1173
144
1038
3089
2148
1083
1601
1637
2012
532
724
1316
3820
3232
996
2657
832
1290
2122
1934
3660
3775
274
2282
2888
904
298
1159
2485
2405
3733
1078
3966
483
768
2514
249
153
1868
3110
3533
1093
10
795
3950
1630
933
2529
3651
3925
920
1273
1577
1517
3808
3038
240
3476
2252
1934
1411
3197
306
1720
3205
1756
187
2116
247
3293
478
921
1590
2305
587
2479
3073
1974
2781
626
1560
3217
594
271
1856
267
3351
2878
867
1813
1564
3788
3572
1594
2792
2244
2672
880
2309
282
3360
3833
571
3604
1371
3068
2363
501
2600
507
2353
2790
2625
3506
3677
1891
2772
2091
3995
3104
2211
3360
670
726
3179
910
2651
3182
2337
2418
769
3977
3608
1219
3559
3690
2048
395
670
256
456
2051
1158
3091
1220
2186
1404
2282
681
3842
3536
375
3029
3272
1748
32
1101
2894
2769
3531
2718
2326
3220
1125
2020
2285
1542
47
3625
3265
3705
2021
1733
1313
573
972
3716
2416
2131
3960
613
1061
1145
855
3358
3873
676
2909
1693
1582
3852
301
905
2193
2689
2689
8
460
59
1239
1850
3443
2095
2232
2914
2920
637
2373
1828
2645
1318
1472
3401
1158
828
3732
2176
0
3889
1347
3040
1378
945
1898
552
1814
3660
274
3367
2580
875
822
1719
2260
2052
3340
2179
3533
1737
50
3882
2575
3514
1271
3196
2906
1115
1795
1153
3672
3168
3523
3129
3998
228
309
350
1690
2809
940
3205
2201
1690
2144
1284
3768
765
2518
3149
1253
3972
2920
2424
1938
2130
1232
1024
3444
826
86
2787
190
2739
980
621
1397
3689
770
2702
3728
589
2018
2439
3823
1292
362
1221
3860
1020
1514
3652
994
2483
1081
2004
1232
1458
33
3673
1706
1791
1507
1932
1317
880
2792
3903
3101
2563
709
1950
1165
1707
201
3569
2441
3876
2791
1534
2939
3016
3835
3115
1753
2682
795
3649
3872
1663
2651
3116
79
2796
3197
2175
1538
443
1043
1556
3272
759
754
3729
580
3031
2741
1318
829
1160
2123
2131
194
2690
2142
2151
2302
508
3265
2211
1459
348
1013
2172
1175
262
568
671
936
3158
1418
2287
3372
105
2205
939
3945
2869
1753
2667
2142
826
1386
1832
2492
3120
615
411
421
127
2079
765
2015
173
2177
3310
21
1457
2824
2418
779
2759
1441
277
2779
765
443
3087
1009
2730
3338
227
2143
3134
3768
2785
3582
213
233
876
1154
869
3625
117
24
694
2132
1222
894
2769
1665
507
3743
1521
2316
3754
2539
1238
1151
355
2063
217
2620
3475
3925
3034
74
3651
379
2517
793
1117
3304
3859
531
2414
3089
828
3137
1351
2151
3114
1944
3229
2362
3736
3230
625
2958
1178
605
1738
1752
2535
1730
734
725
2544
562
3504
1799
3444
203
3347
3309
12
658
2572
2174
1314
318
789
1474
639
95
3518
1293
1793
3372
1231
665
1195
3945
3336
1502
2294
3473
2441
401
774
1958
2381
1623
791
3794
1905
644
406
