471
1084
1211
779
19
2435
159
1041
1005
186
592
689
1519
576
1621
2212
641
1082
160
142
995
1338
1690
2238
1657
1471
2163
1864
1938
2013
2462
802
60
1256
1743
1221
211
266
762
827
1872
591
277
1001
1106
2188
62
1609
146
398
2191
1773
2416
1348
2131
1892
1534
1949
1030
2098
1307
1201
1884
1996
1901
445
1774
2067
221
10
2202
1961
2072
2033
623
1694
2260
1538
2246
1192
1315
1717
1676
1594
1617
1098
1491
1079
1237
613
1835
1463
1026
1560
2123
608
2040
1190
2069
1607
1485
2314
2369
931
1575
176
1089
986
1304
605
1149
1999
1558
2489
1194
275
1861
90
88
2468
1198
208
1167
833
2101
1244
642
2151
2283
742
2028
2043
1734
1283
693
1872
2155
2045
559
1652
2047
1777
1126
171
850
1411
1569
1854
200
1632
401
399
1705
2063
2133
922
29
1926
467
981
2489
531
1414
2218
1997
28
291
1193
1115
1098
2422
749
1297
807
1839
220
2259
2127
170
1230
1268
818
1821
1056
1191
2380
1209
1393
2233
1449
2113
162
2138
1984
1895
468
74
1790
583
510
2027
605
2149
1487
1041
1607
1211
1661
2162
2038
2357
1672
623
461
314
102
215
1260
2276
311
2471
1019
1615
2005
2499
945
2311
682
1573
488
789
1939
188
2080
2237
1453
1820
2004
1417
15
1641
74
1701
1238
962
2259
194
1162
1745
1348
2037
1406
244
996
815
600
1222
414
1587
2322
2421
1511
257
2312
1760
2433
717
1543
2354
2231
339
1371
1434
192
1186
638
712
368
2379
948
577
2446
869
940
1983
909
495
421
529
450
39
1907
1642
1526
1630
692
1901
1710
1901
2486
1510
239
427
779
2111
1129
2032
1560
1714
199
159
2196
71
1096
867
1972
670
1417
2057
1857
115
2423
622
738
1554
1974
1794
2316
1773
165
494
1449
177
1713
2018
1511
106
1667
2020
950
1176
1733
835
1897
1803
2136
2028
2079
758
1937
2119
2151
332
420
2020
2209
2075
843
1396
2388
1842
2272
767
1984
142
2316
1637
1389
122
616
1158
1998
1361
1489
1431
1728
1794
2324
1495
1184
718
1897
2138
480
704
245
1673
155
1518
1772
463
1836
1351
1753
1477
483
1859
913
1834
1115
1092
1222
2461
1671
110
2332
267
942
58
935
2368
2427
1819
764
1566
1357
807
1190
850
1776
470
829
1044
295
229
306
639
1099
158
2395
2170
706
610
2315
2041
2178
1183
377
1671
1580
2069
124
1728
2408
969
1094
1023
479
2302
2075
1419
261
2436
487
1680
2330
2254
1813
433
823
1835
2223
1932
1166
1233
845
47
541
1251
1289
1878
2181
1114
721
514
208
651
1501
1845
1341
955
2232
735
824
1552
454
657
1901
2260
1117
2376
1551
907
980
2238
1142
1938
418
2390
1230
1843
2047
1390
2443
2489
1625
2010
2338
2394
214
2071
1242
1988
1146
1010
2195
1853
501
360
1956
2169
2202
1675
1288
1142
1179
1427
1740
292
200
1106
1212
103
2052
2162
572
2442
2344
1649
1470
1590
587
1439
1169
1352
943
2129
238
1936
965
325
715
127
1691
1243
37
1264
2395
655
2126
811
1989
1448
768
242
976
1253
2198
582
489
827
2244
974
708
2276
2311
2219
580
499
2148
2113
2333
2204
2209
1297
1742
299
446
2432
337
1149
925
1043
2248
439
861
1717
1282
1200
2177
1143
38
814
649
1683
896
1493
156
2481
989
204
1844
607
2098
401
1271
2159
1702
1279
231
1099
1005
1534
701
60
2096
1832
2135
188
682
2456
1415
95
34
1500
1296
393
520
1927
223
1235
30
933
2289
283
1511
483
1705
2422
2071
2484
1445
288
542
2023
61
1975
183
1174
2026
202
333
1811
1150
2249
1889
225
2249
55
2487
2147
162
1887
423
1521
140
1248
549
436
55
300
137
1529
987
1048
1252
1098
462
715
1948
518
1203
1072
2227
110
591
1913
1311
1184
1805
774
2058
1679
311
1547
1413
605
1399
1212
1963
2391
2148
2431
1892
1299
2349
1179
681
1848
504
767
2179
2294
2381
418
27
2373
1602
439
868
541
731
1294
2184
932
351
1830
502
56
129
361
1118
1995
442
2021
2384
2237
1511
485
706
177
131
869
1996
1889
1504
1311
785
244
383
16
1492
2109
1255
906
670
1126
2326
1968
71
1267
2422
1367
449
1705
83
896
2349
788
626
2153
37
701
2247
2460
1090
1264
1097
2216
919
1851
57
1318
435
419
2458
2379
212
1545
1511
1909
1973
161
1483
2155
2005
566
239
443
2335
1547
2333
1400
1182
2100
2219
933
543
1902
646
1752
1710
2305
1606
2331
2221
2476
1670
1913
1941
1749
751
1977
2134
666
1471
2033
1370
1968
1036
1735
198
690
2477
853
1964
690
1484
1314
1430
2028
2197
1257
224
1540
2056
1102
1790
2103
521
2155
981
9
1491
2193
924
563
1650
2145
2167
1752
2104
2050
1090
2374
212
1849
2464
1486
926
61
1379
660
2030
2292
485
2246
1555
1351
638
268
1987
1838
1785
23
1512
1928
1557
383
649
1658
2484
2322
1745
2258
1967
2354
496
504
761
474
1673
1004
2250
1957
991
1424
2028
765
2373
2422
353
1244
606
693
1221
2366
1545
777
2099
1242
1634
2177
1546
10
609
1949
349
2486
1873
1865
2344
436
1077
1337
967
2256
1326
1699
1018
1851
1572
327
499
558
2280
1142
1924
1037
460
1326
44
2281
1788
133
1545
11
1528
101
1044
891
1309
1137
1024
2254
2181
2491
734
2084
1951
1726
1031
653
5
1042
2340
2227
1692
1866
1030
29
2043
831
1162
2368
596
32
664
1867
1980
2469
772
496
1146
76
2370
910
746
238
2291
114
1576
312
661
1883
1944
1452
2320
1018
667
2424
2412
723
148
330
1731
2429
1095
2023
2284
753
1135
2213
2309
950
2427
457
1146
817
556
2059
1906
873
1023
867
931
713
417
580
1920
2311
1243
350
926
1397
1987
1532
1393
291
1490
541
504
2428
2050
370
2068
1412
676
2385
2414
1999
2227
1228
1372
1561
343
1692
735
203
1295
1378
1730
231
1854
2337
827
2444
2102
590
2227
2079
661
908
368
350
2293
494
511
159
1706
948
2393
1944
1854
803
807
2219
132
842
945
377
1736
98
2111
2430
235
2373
332
1120
807
1739
1424
1955
1346
861
890
1973
2412
2339
2359
66
2036
2177
541
816
662
343
2396
1350
487
587
1074
387
610
1628
1640
1586
2423
1781
1824
109
1775
126
2210
1651
331
991
2031
538
2230
1868
1109
165
1770
1005
1530
2131
1787
1384
2467
1251
1315
224
70
2197
790
856
2415
2209
1521
690
300
1442
646
449
316
625
1839
711
2198
1785
596
2065
1655
1729
1956
1968
2305
849
561
982
652
1293
1440
460
620
314
2147
943
1809
2263
1201
1195
647
2193
680
1000
58
91
1042
973
2181
742
1402
950
2235
757
143
221
574
1725
580
1709
708
708
950
2080
1976
824
1127
1880
999
1039
327
2157
1122
1005
1124
1353
967
1913
781
1028
352
1225
556
1611
1151
1218
622
433
1096
1229
439
946
837
273
654
2340
344
113
1644
2311
955
1449
2312
1228
1273
453
1272
1210
2469
1298
2374
2278
1816
1482
782
1537
600
431
1109
1396
292
1271
1383
1547
1900
863
1667
2195
1841
1882
1615
1028
1983
118
1003
2031
1670
706
2306
1801
463
1535
1076
824
768
2141
611
1666
207
2296
1077
2033
201
1505
1564
2014
866
95
2109
1263
1273
1424
1551
783
1989
5
1636
1407
1332
1793
1114
136
1009
630
1352
1101
1409
45
1816
2448
1099
2130
1113
145
24
1673
754
738
385
1576
897
905
1176
2161
1898
2388
63
958
1636
1068
593
2372
542
402
1659
2014
792
367
915
2356
217
2038
1531
1436
285
2420
788
436
776
159
43
966
1678
2148
2077
2370
1414
2000
340
1854
125
2226
729
2448
1476
1319
2057
1064
1619
18
349
593
1894
1044
273
1991
885
829
2470
806
2207
537
2
390
1364
642
2221
715
1468
729
971
1888
1882
1852
1329
697
357
2208
1907
1854
1773
68
1895
1907
1626
486
1739
2158
770
2385
1333
295
851
189
2068
191
363
2123
671
1148
228
1013
682
1621
1144
2394
1705
123
281
131
2137
996
1231
99
994
2391
922
1300
1595
2313
2339
2243
1074
2267
2168
541
1535
62
2408
1149
212
2440
798
1863
219
544
2444
1162
2224
498
2320
426
319
829
2351
79
2426
113
1386
1931
1808
1965
2352
92
128
2078
350
2247
769
958
2434
318
388
321
1549
1487
1472
346
1959
1402
2311
1962
30
2359
1785
1197
1487
150
1094
1337
174
1038
1169
573
1702
1520
692
1104
2032
1318
1477
35
2297
406
1894
2149
678
273
792
1050
1693
1775
1273
2166
1750
1748
1555
2120
1635
1618
687
731
382
2221
1956
806
204
1851
998
1092
803
1522
878
966
894
2415
1442
1086
177
1958
1411
352
2296
1092
1003
2488
2165
1076
2498
56
1958
1395
1220
2387
1633
1080
1720
1515
1346
700
856
536
1959
451
1294
591
1783
2207
1701
910
1938
1100
1953
425
1758
1118
1708
206
2063
1776
524
994
727
475
2290
1257
1340
311
1425
36
168
20
665
142
1296
2181
52
1892
2438
918
482
335
33
301
1945
2380
22
45
1201
2126
671
1842
738
264
597
1048
896
2085
1367
250
2287
154
2043
2250
1507
1475
2057
441
2407
1551
1275
1809
1766
1207
457
1352
521
1442
828
1044
2421
310
2267
2372
492
1057
1213
1518
1047
2198
366
1561
1738
1353
938
2163
1295
2476
512
2145
117
1932
492
384
1585
1207
571
465
1912
1334
709
1980
2093
1351
1377
988
2246
66
521
567
230
318
2460
1561
2278
1231
469
2259
988
1607
1443
1035
597
1498
2439
2103
870
1251
595
2156
1506
116
2424
1344
576
661
2462
672
761
1846
1440
992
854
907
2215
1129
2154
1838
253
1318
1850
1461
1455
1550
2067
201
1656
2213
126
423
1484
318
2067
1793
553
1222
427
1036
2170
555
575
1234
2026
2204
902
691
745
793
1636
390
989
2039
2454
786
1859
1046
1247
58
1385
675
1064
1762
1292
1797
999
2480
1604
812
949
504
124
153
246
1784
1828
469
1599
176
3
2401
1851
1406
2345
1839
1848
358
1265
1103
1424
696
156
149
805
250
941
407
2494
1325
462
18
1047
389
2365
1103
2480
1935
573
32
973
1935
1316
1189
980
2214
2073
641
787
2148
1803
1562
576
91
736
1242
1152
1570
1728
1551
188
45
738
1838
977
159
1281
1667
1030
424
2033
1993
1519
40
2306
2214
105
483
18
678
484
910
1410
613
1822
72
2269
2099
1581
33
757
725
313
528
188
829
2194
1749
1712
2119
1725
386
1981
2367
1545
311
2443
2178
883
1676
1875
582
1638
1631
77
1882
618
659
2008
859
342
1749
2488
137
77
1921
569
926
1510
1413
1658
1946
2423
1342
1727
3
2224
2256
1044
1647
498
1777
1620
464
1878
1294
1086
724
2192
2282
504
1516
1637
1668
1868
1495
1821
2420
1408
2027
2326
429
434
1248
1298
2246
1498
2324
2456
751
1200
484
398
347
2209
1033
2259
1308
1335
703
1864
2380
2137
1823
1050
2103
542
231
1175
2226
717
933
246
2270
2046
849
388
53
735
1339
1532
280
405
1381
23
1882
687
1657
1970
794
2473
1915
815
1622
992
631
1926
658
1122
2170
2020
50
768
860
1101
721
2152
1189
1743
688
3
1864
1908
878
1705
670
257
2172
9
1927
1967
1890
308
1045
475
1818
587
94
1672
37
148
1299
2332
2144
70
903
860
1872
660
1896
926
418
2247
215
926
1307
1553
1815
317
267
147
284
1737
1869
220
2119
1833
951
1996
1569
1317
2472
2223
1134
679
621
942
2123
2406
1208
952
139
200
1432
2071
727
339
1885
481
41
2269
1911
834
120
2164
1323
728
2443
1397
834
815
1187
1417
2303
2356
427
1314
516
1404
1279
1296
1453
1486
1749
1863
605
525
1929
6
1189
1285
46
1490
11
345
1998
1113
1452
1226
2340
2479
1362
630
257
1879
1366
2255
578
447
1070
2257
1596
1625
507
2487
2070
1914
2469
1287
2096
1672
2412
368
396
2049
2327
1740
1467
316
2224
1384
406
2195
828
2439
1163
307
901
976
631
255
1362
1916
566
338
1294
1567
1950
637
705
2084
1961
368
2356
1799
1606
932
372
2364
1023
1332
1598
134
1093
1618
2223
1093
309
1022
1675
803
1679
879
164
165
1745
498
549
574
345
891
388
2436
860
1507
914
1898
904
1388
1957
671
369
2201
2104
510
1985
1106
1619
1829
1842
432
94
259
813
2317
1501
2496
1420
1778
670
971
2399
942
1875
1240
2124
192
2234
1793
1227
2074
1435
1319
2182
2428
849
1758
1110
1292
577
305
310
1932
1704
1537
1501
2027
164
254
1236
597
2055
1259
2121
2497
977
1146
1506
1017
2107
1400
1349
1664
1085
1560
966
1361
2420
2319
2057
1337
1776
763
1931
271
894
2149
143
1059
846
1646
1632
1996
1958
1906
1809
988
2330
2305
1274
2038
2051
1498
1200
2312
2363
2120
1876
847
1166
2041
401
1891
1049
1823
1827
1180
693
1071
2495
1847
134
1392
297
826
1325
1044
1489
527
1555
2154
708
2492
1161
1288
2362
324
926
1281
61
2231
1032
1532
1662
1687
1207
731
751
2027
2403
386
253
1621
1105
2388
1435
1768
1261
305
1648
82
403
1751
787
1962
400
394
2205
690
773
2082
2341
1476
716
2307
368
2074
383
53
274
2126
141
276
1230
259
1390
1211
377
1370
1054
680
2258
2033
163
1923
279
1417
1426
2292
1848
177
1225
432
143
2355
779
1856
571
786
71
916
37
2374
411
523
428
980
193
840
32
1819
2452
1226
1736
2152
1622
954
2
285
545
2389
664
960
2405
1753
1540
2279
329
901
455
761
522
589
2040
710
636
1848
2213
2231
1283
1076
176
312
2191
1771
216
1019
2420
2177
