1664
3749
2688
1902
2791
3498
4871
5734
2148
5712
1699
4654
988
1510
3499
1844
1822
962
690
1421
5949
5570
3854
2689
5419
4077
5318
543
803
2776
876
3665
4067
4693
1893
3083
1765
2262
225
5213
2920
5903
3276
1704
143
3130
5920
3677
182
4099
3588
209
1869
2771
5428
4397
5155
3195
5630
337
1103
2934
1287
2552
5613
2401
5529
5655
5268
743
4890
5936
3408
3364
393
2211
3857
2427
5079
5875
4944
1795
2623
4486
2344
2444
1699
2646
3976
95
1941
1798
1796
980
5679
3502
291
2813
3280
5815
3833
3232
3348
5170
3057
274
878
1650
4246
3566
2532
2410
1086
5220
503
3489
3924
687
3118
3586
368
5519
5534
5376
3909
741
1320
3767
1640
5021
5999
1294
5192
901
4948
3432
4973
1180
1184
2297
705
2214
5213
4278
2902
3404
1506
2533
1267
3088
1993
2676
3086
1134
5006
2853
3207
4702
2262
231
3583
2277
3209
528
2420
5611
5534
374
5274
3080
2434
1117
2727
2568
277
5290
4155
4158
3969
5958
5449
3620
1815
3247
4295
3440
1000
1320
926
130
1117
4897
254
5001
4227
5185
4514
3222
3862
1823
4939
1897
185
1873
4315
4391
4719
4587
1073
1453
3434
2105
4460
4174
4398
56
2109
1224
5920
526
5982
4245
2736
4234
1784
4094
4944
4694
4662
2345
3440
2137
1620
1075
1016
1881
1139
2232
49
4861
5052
4943
944
5553
1214
1507
4400
3186
1078
3564
1387
5658
1274
957
1621
2326
386
4246
3285
5538
5651
1177
5968
4518
5017
3737
1187
505
97
3023
4541
2004
2208
4407
4344
3282
467
4599
962
2947
5252
2319
5724
896
630
5467
3838
2936
1934
3206
4916
905
4846
1065
1146
4651
1502
3089
3775
2054
1033
3615
1977
227
3922
1992
5093
2560
4081
2829
504
877
125
3525
728
404
5623
5270
4320
2678
1121
4690
2100
159
666
638
4561
5595
3016
4734
5632
5843
2288
460
4071
3440
820
1960
5611
752
2458
3033
615
453
2692
2578
1634
91
785
2543
2303
3570
5536
3711
326
2553
2749
3835
523
236
2857
1348
1656
532
266
5115
1148
4909
5996
3290
607
1445
5762
1856
2881
735
2974
4314
1902
5751
2216
5293
4623
337
5422
975
801
1114
5721
3205
4266
5456
4103
2919
3357
2813
5082
3296
2044
127
5533
5202
3989
2259
1070
5094
810
5471
477
1697
1553
4687
5903
1650
100
2278
3663
983
1062
3831
898
3936
1940
4220
101
5931
2723
483
3990
1294
11
3257
4283
5652
1887
1806
3650
5278
1624
1256
2710
827
2078
3812
715
1154
1890
3767
2743
5676
155
1714
4189
1614
1483
2564
2519
116
861
921
4063
2522
1389
4897
3994
3572
1379
907
2770
1661
3742
1280
4286
1372
4442
5964
5344
5554
573
246
1099
3776
1827
4993
4734
374
2932
1900
658
262
287
1972
76
135
38
1193
5759
1845
1429
1789
4097
1734
2127
937
72
24
5416
4682
161
5285
1449
3688
2221
152
387
4295
5289
298
4803
5399
3608
4421
2702
3622
5391
5658
4297
262
4108
2733
2008
489
5108
1982
161
2567
5048
915
2300
4370
1955
768
5737
145
5267
3465
5534
1721
3457
494
3308
5706
3438
4693
1117
4565
5933
2278
188
5739
5767
2271
1792
5809
4958
4856
2422
3232
2338
1057
2683
2825
2538
1735
2579
1333
2416
4069
1497
5738
3259
2503
819
3545
1113
298
4992
2500
473
5440
4193
926
3363
2175
1906
4203
5605
3705
3764
2198
3818
5670
3768
3713
3273
2669
3417
3383
792
2674
903
670
4250
5721
2236
5176
4604
2521
796
136
2456
1867
46
3937
5204
1666
5313
3786
2570
5684
1661
3950
1845
5846
376
609
4901
3687
3521
1148
1023
5955
844
1065
1924
1735
5066
2762
3627
1700
2741
5764
30
5772
5685
633
5534
2554
18
3811
1892
3214
5190
652
389
918
4878
1210
3985
120
5661
4616
5657
3403
4733
2656
2362
2694
1411
2757
4458
4096
2941
1052
5374
1254
219
2906
981
5196
1432
4808
949
3883
227
2388
1872
4328
1918
4402
1474
596
1282
1823
794
3600
5997
4790
2643
105
4009
1547
5710
4689
4698
2244
829
1534
4708
4152
3950
5356
215
5231
66
2541
1640
3082
4233
3521
477
1980
1308
1121
3940
3285
4647
4068
2976
3215
3505
5669
5138
305
2793
1964
2848
689
3967
5672
5300
2934
3388
638
2452
2428
2350
1979
2745
5841
4868
5669
254
3100
659
4592
1063
1517
1779
1149
3195
5631
5401
3837
512
2026
3921
2627
290
1718
2631
5767
1599
58
3314
4182
2114
5873
3007
5415
2586
5870
4581
3193
3862
4678
5514
552
3855
3244
3218
5806
5538
4187
4702
2998
3560
1548
3145
5851
884
3207
3994
1759
3977
1014
3078
5464
4582
2148
4294
5701
2126
325
2865
4287
520
4639
1542
3082
5648
1062
8
5211
4264
2854
2933
499
2590
5401
3413
4969
3931
136
5100
5301
5062
3134
3148
1881
3619
2760
5850
1754
619
5161
602
3724
4376
4874
3242
2701
4157
5423
5225
5095
4817
340
5218
4649
3270
870
5481
2223
2554
1534
128
1469
4633
4344
5558
27
4109
1010
1597
42
3235
1504
2582
4181
2219
2348
5435
3923
5948
1962
5321
1640
5009
5642
5288
3739
3060
5015
3785
35
3078
1420
1275
4714
5880
3686
1081
1651
377
2869
3188
5896
988
892
952
76
4516
4151
3149
1536
576
3388
5213
4481
5981
1019
5933
5806
5068
4303
2521
3559
2418
1670
2817
657
2229
1565
5754
5526
4138
437
2626
585
3576
2994
2964
4183
1608
5985
5620
2665
5868
5529
2471
2310
1961
4315
4834
3525
930
4564
4094
2225
5186
5809
2901
1893
134
4113
476
1062
3333
4598
2716
4912
3916
1605
478
376
1706
958
5747
1297
661
5477
2317
75
5800
1758
2446
5621
3338
5432
2251
5619
3387
5440
5244
219
1373
3622
3267
73
4477
4348
5398
2226
3724
2763
2106
3765
159
2272
2238
2141
2431
4004
4770
5828
2830
1993
4883
1522
647
5344
3348
4371
416
1831
5129
406
3311
3695
2595
5217
2006
1580
1907
1250
76
2198
3245
4945
874
5885
1227
4001
4143
4073
138
3045
2272
4703
1573
5935
1743
5503
1117
2307
5062
5674
1554
507
3136
2466
416
1780
1845
4649
4120
1029
5840
3851
4618
463
5007
3752
332
2480
4119
2809
5482
1426
2481
116
4986
3152
132
1691
4634
5017
4880
4942
5320
3597
292
5345
638
4004
3389
3864
1481
5342
4972
1966
5060
3765
2051
3045
3366
558
5947
24
708
4703
3989
1693
1924
5850
4667
2566
5663
3464
5202
5142
3394
4641
2191
2912
1426
2999
5347
5643
5353
4882
1684
1059
1185
806
1945
3145
908
32
3761
906
5534
1504
977
2749
5031
3041
2905
3701
2385
4003
4817
4150
4626
2778
5525
917
3150
4495
4234
1656
253
5012
5884
5821
4676
2277
3237
823
2339
5402
732
2802
4891
3817
5352
2264
329
984
3440
108
1315
4032
2352
4851
5021
1101
4154
2354
2888
5586
854
5459
4729
5769
4487
4081
1890
968
156
4387
3039
4751
3760
1222
1438
5454
1263
1922
956
2308
3829
1790
440
5570
5316
2240
1911
2205
3297
2141
4579
5906
124
4686
3840
261
4539
5811
4493
2082
3010
5074
2691
5780
3024
4280
1230
5763
697
2448
1540
2920
4300
257
1718
1309
5968
209
4611
751
4896
5144
4067
2261
895
2991
5399
2603
3610
1783
59
4231
1513
102
1812
2588
2210
1421
476
4508
3034
4005
3127
1241
2472
1943
3729
1764
5016
5626
102
39
1033
5991
45
3230
644
5769
5570
2847
4473
2977
4638
2202
4616
5109
5974
2204
3928
3768
1117
4478
1335
2357
135
874
2095
1653
1819
2061
4625
4800
4835
5480
2769
3888
1059
1809
2510
1393
3764
2614
1532
1748
108
5345
5248
4227
2956
5863
4183
5215
3494
3259
3411
5684
120
2656
676
3151
153
779
2303
1942
3807
2198
93
3909
1243
3665
2978
585
1362
4548
5879
3173
1384
4319
1463
5666
1947
626
4148
1380
4521
3320
1859
5863
1679
5678
3482
5528
1264
3954
5972
3664
462
231
5631
4955
5400
2500
4483
4951
3503
4828
2926
376
3111
3576
1072
4600
2967
672
1681
2364
1916
5274
5466
753
1984
5097
3735
1781
2211
662
1942
5827
4675
2796
5484
294
574
429
549
1182
2225
1970
5493
5217
811
1152
4336
360
5043
4006
5811
3130
4626
4611
4413
5543
575
5268
3981
5994
710
363
169
1954
644
5819
3352
3242
3457
5824
4205
2995
1130
5868
5936
371
1625
4539
4378
1767
2852
4840
5550
2404
1663
3032
1775
2859
4191
372
497
4139
4349
4757
5584
5633
2130
4168
4599
2842
629
2769
2334
873
958
4875
2915
1827
102
221
2707
5943
1630
3961
4373
2828
1736
1022
708
1587
693
3549
2519
1596
700
5400
3903
3092
4692
550
3964
1499
5214
3140
3436
4004
5138
5141
2017
3253
4629
4474
1182
3742
5732
3501
4798
2823
3039
1831
2177
1986
725
2930
5667
2768
4295
4072
3387
3744
4076
3482
749
1329
2145
1133
3548
5912
714
2222
672
4653
4570
406
3071
3472
763
3913
3212
57
2442
4121
3881
685
3282
4647
5849
5884
4147
5961
5655
1144
2303
1799
5997
4336
3489
5120
1106
1690
5850
3049
4098
4079
3929
2501
5387
3231
2166
5825
5394
4966
1180
2486
5152
2567
1857
5569
4781
132
4355
4543
695
5456
4048
594
1615
3307
1906
3713
3024
925
581
2075
4365
3038
5590
3884
4901
3441
5626
4216
5702
4481
2649
2404
683
1588
5189
5012
1267
3740
3739
687
1408
2204
692
5806
4440
1368
5944
692
1724
1525
3920
4232
2835
5311
4918
2717
18
4681
3579
5474
1402
31
357
1413
350
3080
4707
1939
1983
2744
3263
43
678
4417
5039
2832
1773
2121
1335
3549
2314
2646
1374
306
5609
5110
1691
4157
1749
5132
1645
420
1747
1764
5268
2367
460
1928
5999
1139
5668
3771
835
4424
811
2
3460
3084
5968
1987
3667
3248
4477
5701
5412
1488
2355
2887
3403
4736
659
972
2355
1154
2309
4212
3659
3860
5081
807
605
3127
1176
1962
2251
3002
4693
1683
3528
1972
5910
1481
1761
1489
2057
3637
1990
3732
4597
5893
2073
3114
3614
2271
2210
4575
4868
3939
3068
1194
5865
2665
4320
4787
4925
1161
812
2310
5880
2057
143
3087
4723
1393
4771
2708
5811
4538
2136
1074
5987
4501
649
2800
749
5241
5789
4896
4692
1460
2413
4756
4545
5138
4413
5629
5977
411
3080
302
4647
4743
428
4607
3771
5901
3295
3117
5150
1849
77
399
625
1755
4463
996
3985
444
970
3432
5721
4556
1841
1174
613
5559
3687
3942
5230
4838
373
4167
4982
3697
4548
1096
1602
3538
4200
2369
5647
2213
3242
4335
3122
2443
2976
2956
608
4798
2714
2780
5255
2447
2396
2819
4039
2619
2419
2117
5633
3548
2630
2070
826
1932
5051
2239
2715
3796
4514
242
937
2402
5154
5493
1420
1049
5166
570
974
338
3620
1103
546
4881
4834
5857
1182
2962
549
1500
1238
1554
2127
4061
4662
4858
3892
2360
1388
4278
3042
5029
3792
2692
2682
1765
4881
872
623
2227
5502
4429
3274
5750
4781
213
2487
643
3595
4321
4080
2879
1617
3196
3108
4097
3247
5041
2820
1478
5672
94
1866
4351
665
736
3110
741
2551
3789
390
3276
2292
3681
5777
2149
270
4160
4688
1837
5220
4763
585
1107
3590
1581
1018
3815
504
1573
2255
1502
5042
3198
2512
1666
679
4585
5337
5638
5392
4364
4583
679
1893
4132
5020
3454
1943
4246
5888
3811
4829
4708
4196
875
3256
5995
5059
5409
4501
264
712
5603
2575
219
1174
3219
687
1859
1960
254
2929
4713
3526
522
1748
553
240
760
5133
3755
3338
249
2488
2240
4405
1564
1933
1208
5781
2741
2427
1888
5540
138
2420
5288
1906
439
5956
1011
5943
833
5630
3368
5879
4759
3333
245
3217
3237
3429
3011
1412
4914
2700
948
4479
1834
152
5113
1155
1910
5629
1216
1142
4342
3555
4763
5927
544
794
4380
57
706
283
3836
4303
1060
4157
907
2690
377
5857
1473
5186
4964
2842
2947
3206
3656
3212
4961
5793
4039
80
5885
5460
5868
1089
838
1946
2836
2694
2514
4451
934
4876
5274
577
3188
784
1471
4057
2153
982
2794
3478
1906
4888
4193
3792
2538
1742
3222
5731
3070
2903
1113
640
2911
5138
702
3197
3077
59
169
969
4288
3301
4038
1072
3050
1312
2645
535
1641
2552
2226
1173
5921
2186
5683
4895
2613
1219
1338
110
3997
4198
2362
670
1012
4762
4695
2198
3561
4510
2166
2079
4181
1082
2755
5346
5772
547
2306
547
1788
3946
4877
3572
2771
3619
5772
3655
4861
2141
274
3940
698
5410
1620
4499
4558
5612
4596
1159
5026
5122
1628
3032
1177
1870
1687
362
4669
1661
1081
5615
3479
5714
894
2022
1485
1447
5552
5566
5717
4113
1090
491
4568
2990
5497
3171
5314
2398
5275
2118
1446
540
3599
3080
4206
503
2548
1485
1120
193
1358
3199
4797
4131
4683
5119
4515
2619
5587
2550
3410
2579
5710
1574
619
4719
847
1986
4835
1059
3166
3190
776
3966
5524
5236
3611
2343
3807
5229
5995
3267
3429
4633
4995
4848
4102
243
4665
242
4762
4499
5511
1335
1481
4153
2390
1912
1593
1731
374
5406
4354
427
219
2143
4990
2496
4402
4132
1020
5360
4097
4072
5299
1983
5196
4287
1235
3366
2963
1472
2488
3003
793
5713
3464
4392
1503
4989
3676
4811
4319
533
539
1450
4405
5792
5969
3664
3479
5360
1230
1928
390
2147
1387
1797
5324
1042
2312
2844
4597
4378
209
4767
4299
5060
2511
5783
489
3523
3210
3405
2769
922
2956
4085
537
55
2209
3287
3775
912
2891
1659
3486
1529
2545
5649
3785
5391
2839
3482
2276
3699
5545
1126
1442
1894
3538
363
968
3406
3929
3454
1296
5330
4186
2322
2235
5800
3955
3546
5870
4584
1477
2796
1613
3165
5914
1909
5701
1528
3078
5171
1874
3104
453
4402
945
5290
4180
4358
5584
496
3852
1378
5250
1537
3209
3843
1278
3158
2986
3549
1607
3052
5457
1312
87
3075
5849
3157
2500
4594
3895
5915
5508
580
5544
1656
1997
5651
2586
5518
1397
4223
1576
2637
776
5995
5645
5006
3224
2293
5690
3875
1647
5648
4546
3801
4672
3840
1282
583
3483
209
1902
5430
2671
4324
5719
3532
5657
3366
648
2982
1147
2239
1216
418
4504
4404
762
342
5164
2154
1991
4289
5369
952
190
3148
1852
2183
1802
717
2717
2441
5921
664
1013
3763
5140
5185
4362
840
18
5074
2454
2915
2728
4293
5590
1296
4739
3136
1934
4344
2662
3995
4714
1768
3863
3246
1471
5773
2275
3163
751
4509
5778
2005
3787
1781
2453
1372
5796
59
1324
5286
298
4783
4644
2892
5717
4435
5517
4542
4706
4628
2602
708
261
451
898
5410
1453
5285
3139
4550
2597
291
4086
466
1878
319
1117
3616
4858
244
5001
4055
1435
744
5961
1225
874
3873
5660
1654
1212
16
5448
4273
5710
5567
4595
444
778
3923
3470
3826
2402
4430
1761
4977
4600
2340
2449
2483
5888
1735
142
2391
1741
289
5962
2993
4264
1229
4228
2938
2112
1731
2386
1445
4251
5822
2093
4640
2650
92
182
2003
1578
5953
2407
5240
39
712
2724
3223
1099
2552
143
5292
3252
3550
2491
4359
1108
4333
1481
4496
2866
5503
1710
1925
5918
4406
1830
2594
3105
2803
961
3612
2322
4866
91
5386
741
400
2634
3344
5263
5082
3536
5129
4020
3940
5456
2224
1041
2211
3646
1227
1766
4824
1631
3445
3195
5305
5568
3495
2627
2013
1666
3778
2478
1635
1154
155
2360
1792
3511
4035
1791
4131
917
5874
2962
2983
5374
224
3716
20
56
2352
1936
4578
778
4217
5015
140
2608
5633
1444
2045
414
296
17
5785
2944
5983
5059
762
4608
3028
2239
2406
5185
475
5040
89
4072
5914
1985
2917
699
4881
3844
690
5249
5380
4645
1571
5401
630
537
55
1543
2980
3104
216
5881
1435
105
5636
4088
1559
261
4182
2217
5321
2275
5809
1155
5923
5227
3048
251
1459
486
3212
2411
459
5866
5218
5329
1641
4324
768
2611
3064
3902
4725
3265
4785
176
1346
5667
2655
2642
761
3217
2654
4495
5680
2033
1471
390
3362
411
507
4026
3890
2537
4225
3146
5917
1658
3982
4010
3419
4805
3768
1008
3857
2299
3063
603
4263
2133
4448
3132
5041
2669
1152
2857
4732
2184
2785
3751
1127
1776
5900
1701
5547
960
2571
1752
5320
5017
1865
1072
4509
1794
2441
5401
1843
4156
5536
3037
5991
5459
4592
3351
595
2320
4098
2867
696
2507
2014
1681
1210
4606
490
5993
2264
5605
4621
4216
2534
2162
2127
2232
3113
4701
4927
2558
1150
776
4064
3948
4295
3680
753
503
4803
3599
3240
771
1177
207
682
3322
2129
5593
4921
1611
575
2667
2074
4975
3277
1144
898
2695
467
4570
3501
418
3302
4835
1435
3883
2410
2832
4328
3102
245
2878
2022
4731
1282
1591
1512
2723
559
1413
5469
1903
2404
3911
3976
1121
4303
1777
1384
1570
3536
2381
5049
5642
4606
1504
1622
1326
2309
952
4360
2915
2749
3521
960
1840
5928
4391
4333
3842
2151
5573
1643
4554
5705
4236
4120
5329
5186
1663
5172
2379
2724
5131
2324
1017
5324
1492
3779
264
3051
4779
2550
4920
4751
3964
1802
4167
1310
2371
941
4411
5983
4270
2213
3422
5333
3214
5537
1139
5592
1303
3354
5528
513
3351
2517
3620
5634
1059
3000
1999
2272
1821
2358
769
5199
4690
5961
4978
5976
2847
155
5601
4489
4964
3025
4481
1017
4657
549
3469
4854
3821
478
1019
1197
5397
1022
1662
5510
3425
2568
3606
5577
1586
3547
4867
1936
2888
3488
951
2971
2624
4540
2809
794
2075
3922
4373
3099
5337
4728
4288
4336
4932
1604
1850
5644
5530
2628
4908
5498
5042
4375
1809
1305
767
4122
2529
1464
5650
1139
5721
4858
489
2500
5750
230
4694
4284
5535
4431
2315
560
5907
90
2961
769
711
689
5944
618
2018
131
4073
969
1044
4261
2775
3111
4528
5290
2964
54
5195
5818
943
4150
1213
2674
5770
627
4180
4391
2842
3455
2583
904
3321
4920
1592
2976
2229
3989
403
5765
571
3282
3283
3408
2862
4389
5604
2713
2673
2637
3027
4862
2613
2215
1233
5407
1307
2332
4246
4362
5931
2186
3859
270
2813
5612
112
1422
4789
361
4772
4100
3676
3639
2050
3935
5721
3353
4528
1978
4750
2220
2899
1530
5775
5994
407
3284
93
4265
3163
5545
1665
852
1289
2704
1220
4163
4162
2478
1450
873
888
5556
4048
2330
1605
3636
1963
3223
4025
3969
1183
2296
4049
5891
1041
1764
4498
5060
3332
1184
3926
2602
3247
4082
5117
801
5760
1520
3636
1556
2970
2074
1555
2904
3434
529
2912
1558
5304
2898
4130
146
4824
4051
4528
540
4319
2137
2071
1139
4803
5252
42
3281
4668
1064
3540
3463
23
2760
5161
1125
4329
5792
3930
1350
3471
3471
664
2710
2756
4911
5743
3041
2557
4771
4644
554
4830
5965
362
4324
799
5113
2333
1153
5689
3993
17
4628
1067
413
2165
501
681
1886
1297
2401
5043
1624
1423
698
1876
4114
1638
754
5905
891
4032
1920
1393
3795
1694
2797
3308
435
5410
4702
3756
5578
2825
3534
1568
2085
3595
1958
3792
857
3227
2764
5322
4128
3786
3718
5835
2462
2360
2233
185
1567
1370
1443
1885
2928
5319
5504
142
5526
252
3981
984
1902
5840
5703
2620
2290
2897
2655
2321
2165
3613
3164
3624
1516
4237
4221
3677
4184
5116
5866
3801
2788
3957
773
500
967
4506
5795
2312
4199
4465
2097
5250
3179
4137
4532
3217
362
4250
5697
3056
405
1914
3942
2464
5054
4908
787
5566
5972
1427
2024
2453
924
4293
1805
2540
2973
3051
392
5536
1112
1684
2622
2236
5027
3304
73
4516
2816
5994
3250
2930
2366
3687
3868
5783
4428
5740
4237
2867
2517
4372
3737
3008
4253
3582
1004
5113
1574
2333
5668
1560
2127
5609
57
3468
1994
4626
4762
425
825
5317
4214
346
772
3736
4451
3553
985
4895
1374
5695
2240
2353
5439
1808
1674
2228
2296
5949
1750
4260
3627
3157
5375
3891
3525
2485
1845
3387
5883
4852
3111
5311
1807
4348
554
1135
5807
5778
265
522
378
3879
1177
4446
5152
5239
2807
5499
5941
2382
2560
5589
4113
2474
5340
2296
3863
988
3736
1878
2496
696
2655
2700
2324
508
5685
2883
4500
5006
4560
1826
2054
4333
3779
5584
5902
25
1416
3239
774
3247
617
4596
5322
221
2362
3067
5714
4900
2215
3048
1581
315
5158
4048
2966
5007
1017
5062
1286
1640
50
4777
2278
679
4691
3066
2574
4380
1377
396
5519
244
5908
3012
3482
5616
5390
5216
4779
753
4869
4740
1461
3391
863
1119
491
1672
1977
5692
600
1877
2212
2197
44
4440
5436
689
5540
1810
3382
5006
1925
4114
4534
3370
5300
1656
2378
4315
5717
5751
5927
3871
5038
5560
4478
125
4007
3563
1850
1450
544
2921
1560
3656
3198
2485
5492
2073
660
961
908
641
2731
2140
1219
4777
2766
1497
3012
3616
3204
395
5969
4716
2650
5036
5287
5182
3388
5277
1039
1604
1072
5176
2612
3976
4112
4289
5692
4309
402
2827
1494
4793
1589
1302
4142
4006
4714
262
2831
675
4701
2544
294
3616
2046
5277
4062
950
801
2977
622
4989
5150
3237
235
1079
1397
5200
1899
937
642
2932
2232
2298
1688
5109
5900
3108
4622
4916
4143
2600
851
3930
3883
1438
5039
4368
2168
2074
3479
3259
4825
3385
3532
1749
2273
2683
3217
1414
3699
411
696
1474
806
5993
1160
5484
305
1880
1292
2264
3176
3395
875
813
1587
2683
559
3033
5815
1916
2676
5151
3316
4046
5807
1244
2635
2918
5689
1416
3145
3772
4199
3959
5908
1592
4599
3279
272
4630
4121
2899
4015
4040
5367
3550
3747
2474
1107
2172
1217
97
2108
962
3364
5565
1404
2126
283
4270
4064
3017
2752
4530
4533
3688
1334
3564
4780
3250
4718
1185
4425
348
534
1723
3502
4080
3391
2544
5247
4572
1017
3453
5026
5303
525
5260
3925
4062
2583
3446
875
4269
3422
4913
484
969
1921
3337
4952
4490
1471
5629
4064
1909
4531
993
3986
3143
5322
5217
2439
5791
1955
4485
2090
3442
595
1183
751
2338
433
673
2397
3624
2916
1036
3881
2062
5623
5220
2513
4489
1094
1167
3058
3636
5865
5356
775
1768
922
4976
2030
5079
3235
5243
5400
4776
921
3049
1837
3260
3983
1525
1130
2911
5785
3864
5113
4730
46
2287
1258
3606
1544
2347
1091
4907
3484
5729
785
1670
5648
5329
826
5849
2126
3524
2145
1148
2868
399
2613
4769
4612
1221
4839
2373
2911
2600
838
2706
3449
1167
5480
5154
665
2948
3895
5246
1648
5108
4709
2389
5907
4665
4814
3704
4022
5797
1353
3122
5863
20
4426
4564
5252
644
5367
5950
2379
2705
5013
1818
5260
3385
4526
3907
4828
3470
2577
5795
3273
4090
4999
1337
2501
1404
3581
2473
3393
3136
611
510
5079
4365
5200
619
5924
2360
367
5199
4912
5639
3866
2086
5323
4527
3793
5164
2470
3342
3351
1500
1995
1077
5082
2231
2971
2029
2781
3361
4242
3547
3891
501
3160
1006
4234
4024
4310
932
690
1691
4515
748
3241
1018
2043
3639
3828
4337
5051
2488
923
190
4187
5930
3154
5970
408
3233
2224
1602
1933
1880
286
3098
5117
10
157
816
5552
892
3860
5942
4264
2311
133
5929
5502
5011
1867
2055
4926
2207
3699
4845
4156
2302
3555
1774
2097
5531
251
5664
998
1901
1607
2993
5740
1893
4430
4135
5429
4660
2634
1044
4722
938
5652
2872
2666
5497
1835
2721
2756
2360
513
157
242
355
4018
4656
5098
1344
562
785
1361
300
2786
4974
1462
788
5647
1360
5001
5520
215
10
2566
25
4872
4475
5426
1755
5831
1651
881
5974
3898
5346
5041
4639
5203
3851
1542
4435
2617
4199
787
3803
3604
4358
4642
3594
3045
3585
752
3140
4800
763
5944
2569
951
2150
5210
4191
5620
4721
4472
750
994
2799
3341
5636
1753
4883
4634
4393
2260
855
2094
1165
5105
1436
1810
5645
5268
2412
5838
1908
4664
1659
5691
5374
3
2156
1254
3768
69
5536
2414
2339
749
1081
2666
4008
1288
5884
2010
245
615
101
5544
21
2747
3877
1514
702
3760
150
2024
5348
5155
4655
2468
2923
482
978
731
3049
3070
5699
2902
2874
4303
3412
3997
621
2325
5067
5689
2524
3094
3557
3156
281
840
2435
3200
1827
3181
3811
352
408
358
3834
3159
1108
262
5724
427
4696
5748
5662
70
3862
12
1459
5097
3033
4723
4579
1500
2577
3380
442
3382
4124
1116
2748
2726
5520
5967
5670
2876
644
1364
48
3303
751
5396
4078
3804
312
106
5142
2735
5148
3064
956
610
5182
1654
3864
2503
345
1287
2201
3715
4913
586
3251
113
3080
2745
5284
3231
1644
274
1269
2329
1197
4000
1164
4081
1453
2837
590
184
3776
5030
2737
3116
5762
3027
4575
3661
1832
1713
1878
701
5998
3782
589
4388
2656
4433
5361
5085
276
2099
4942
225
5140
382
2777
5518
2506
3272
4938
5603
3269
2252
87
1659
4392
5149
2523
1331
2705
3352
309
3306
422
4037
5389
5364
5691
761
1441
746
1713
508
4862
546
5384
5490
234
3671
4101
3272
510
5477
3167
3324
4913
2291
3299
5961
1776
5053
1592
3438
3322
2508
1357
2090
5767
5349
2174
2487
4024
5387
981
4896
185
4385
2124
3599
67
3136
1553
4183
1743
5361
35
11
3045
2568
5849
3914
1666
2286
5138
3192
3144
4953
4503
1146
4015
490
44
5453
2969
3794
5941
2115
3539
2562
5013
4139
4856
1326
5250
5276
4128
1021
2965
4798
5077
2527
1885
3253
2422
3675
2419
4954
356
1652
2616
1848
1370
2632
1418
5856
4233
2853
5493
2346
1153
1128
4663
232
92
2675
5260
3240
1317
2874
552
2439
566
3963
387
812
4175
3496
5934
472
1938
3217
4355
4408
5146
4114
251
3364
4284
3959
3210
936
4566
3096
3412
1788
2293
293
4579
2465
2450
1007
5536
1691
364
4896
2351
406
5185
520
3015
3126
3733
1317
5390
3247
3366
4958
5876
381
854
4588
86
721
1751
5478
4243
5657
4085
4983
2251
5547
1532
2526
3282
334
5947
1762
164
1316
5792
3584
1347
3896
5139
4434
4044
3248
4447
1694
2936
2223
5611
3784
4942
794
182
549
5302
3988
4897
61
648
5049
3846
2076
1554
2724
1590
3717
5080
1661
5233
5811
4310
5842
5374
4782
3793
3472
2747
5414
4588
4622
5278
2224
663
3750
5673
4426
577
3058
4620
2843
4990
4207
4069
3532
5667
1104
3778
5966
254
1634
4535
4246
2787
1047
5515
3996
5250
722
349
5932
2228
4718
916
2310
1603
4906
323
920
5241
5125
4172
5686
2897
4642
1659
2371
2826
5928
4979
1327
2698
3273
4039
4733
3743
4893
926
1392
5105
90
5161
97
3187
1858
2705
1792
2248
361
4121
244
1026
2178
787
4288
1477
4661
4654
5813
2058
4991
1485
4462
4208
1621
2419
908
3261
3846
282
5006
5395
5133
1972
2588
3069
3536
2648
816
456
5608
2606
3458
2271
2221
5750
5791
1390
3756
5442
2341
2872
5096
323
2462
740
5243
1617
550
4466
4359
5349
4138
3244
894
5344
1551
4775
1706
5503
1100
4425
1930
1942
2006
2820
1465
4264
3062
208
2508
5289
3240
1511
2552
2587
2099
3466
2254
3396
4528
386
565
4273
2793
1872
5154
1476
3311
1797
1909
904
536
941
5235
5109
4755
5830
4236
4815
3961
1584
3385
2745
5266
4636
3012
2535
961
5222
531
1921
4157
4863
3554
2595
157
5619
3116
5057
4640
794
4054
4664
22
2298
5848
3280
1662
5017
2185
5261
4924
3936
3077
2901
982
1899
2606
4060
2668
4156
5309
3258
5619
4656
1811
5647
3740
3050
5376
4045
85
5627
2831
2099
2571
1555
4972
538
5754
2928
4051
5367
2916
5189
2311
1825
585
295
3259
5277
5737
2545
3904
3494
4675
1575
2636
2664
137
423
2739
2507
1219
427
853
44
3452
4347
5060
4727
1036
2896
2847
4529
2179
2563
2960
3506
3631
468
1295
5424
3339
4919
4657
4342
5044
1928
3313
3587
2568
3727
904
415
5533
4239
476
3497
140
456
3315
1531
1544
5532
4882
1823
2543
4879
2870
5963
955
3031
5278
1399
837
4419
3923
5391
1176
2488
3029
4868
285
950
3892
3053
3016
2938
5528
5292
1422
1325
3693
5499
2194
4329
1502
1716
5451
5323
4812
2576
1314
5188
3852
1335
2925
937
3771
1366
452
4219
2078
3375
2749
5505
5322
5850
5432
3905
4892
2058
1257
2173
2039
2890
4077
5562
4792
1637
5082
5916
5143
1285
344
4430
4108
2036
1942
62
428
3662
4507
5236
1919
5304
2970
1778
5038
2105
5297
2903
5886
5206
478
526
2068
2172
2493
1412
228
3558
3203
3495
5066
1487
5296
3481
5492
737
2149
3236
842
908
4194
711
3115
2722
3850
5119
2869
5327
950
5249
2897
902
3506
4627
4137
4230
1080
5866
4934
3195
2743
2686
5834
4321
4559
5370
1159
3924
364
592
2234
3091
381
5769
4840
2642
1456
5258
5731
3758
2156
130
760
5308
5018
1568
1561
4683
2432
4305
2658
1464
2171
4871
2906
4655
729
1989
1352
2335
5025
887
815
1063
2751
2030
2952
3964
5888
4393
938
4684
3686
4735
2345
4925
5608
1065
3016
5919
5770
1869
940
608
5652
2260
4638
1646
4337
2541
236
919
5607
3051
5502
3260
1133
329
5888
1188
366
110
2144
1757
3305
2956
390
3853
1554
834
2139
5126
4041
1745
1351
2472
469
5131
5099
5809
4316
2183
2856
2271
2001
3425
1738
150
1307
2015
3236
5869
1438
3695
5017
2099
3273
5068
3444
2735
4251
3967
3909
853
1474
4593
1929
2020
706
3230
2948
2908
2878
4326
4734
5837
838
4622
4311
1658
2989
4787
2952
2381
2005
1150
4248
4308
3657
2691
3591
1689
4471
2372
4939
1695
2329
354
3028
1368
4191
1651
5150
4707
4186
5007
5475
5427
471
3940
3802
4795
2758
282
1488
4358
4165
3953
4305
2003
702
4854
851
5853
2299
3397
192
3384
3873
2024
3726
5287
3344
4973
4396
3947
2517
2325
1483
3206
5385
1769
3094
5678
1642
4199
1040
1677
1940
4411
809
4980
4524
1801
3612
3744
4457
5222
88
2949
4319
2278
5881
5111
5641
4943
1362
2423
1490
4317
682
1514
1729
4367
2928
3862
5167
4767
3116
2485
165
2751
3299
3676
5750
15
5622
5061
3687
3787
2024
2809
5799
5600
3802
4458
3871
2895
2085
3995
1383
5770
1523
5875
5681
748
3739
5894
2295
918
2631
692
5148
931
1444
4878
2433
5468
1125
4002
2439
2488
5107
2520
3372
3723
629
5476
1172
3936
4408
2700
4101
1233
3180
2660
3423
995
2795
5653
2838
462
1399
4988
3854
1818
5470
4046
2721
438
1612
3785
3455
5761
846
5526
3299
1163
2910
1979
1758
3174
1904
1437
4243
3334
4376
1938
5230
3863
1605
3780
5762
1022
5886
1442
2365
872
744
3121
2042
1950
4609
575
1250
2730
1740
4024
880
2067
249
3665
3824
2996
1920
1762
275
5868
5514
625
4930
3582
3325
377
2652
136
626
3034
303
1184
2676
4457
2751
506
5718
5672
1525
743
2785
4593
614
568
1146
891
4734
1936
5341
1311
2042
199
3336
5525
3024
5691
1749
5975
1739
2960
821
2423
1222
1960
4262
1196
1236
2670
817
3096
2682
1324
2754
5125
1578
925
613
413
2397
3981
2233
3977
2988
4556
5108
4209
2570
4801
3699
3523
2017
5131
1900
1054
4488
4019
3122
1294
5486
877
452
5090
4551
2366
5683
168
416
4455
2573
1323
5375
3359
1211
5955
5868
159
3923
3899
2742
326
2059
1711
1683
5693
4747
3972
664
2837
2701
3505
3873
2988
4036
1019
3214
1327
4134
5679
3659
4729
4392
2777
4618
3194
5508
2657
4366
243
2825
1941
4679
3421
3376
145
3269
137
3158
266
266
1794
5787
4571
49
3887
4597
4535
4581
3140
2673
4541
2256
1448
2296
4154
1201
82
3002
792
2312
5804
5706
2067
2641
1082
4006
316
1546
5620
1457
2407
3555
4142
3726
1055
2945
233
1323
138
767
1954
4056
4327
1314
4920
4467
2067
5224
1147
3889
2603
92
5648
5834
11
5832
4273
3170
5717
5911
641
2096
974
3685
3997
317
5090
294
5502
1370
5303
2624
43
1390
639
4631
636
4667
632
4259
4185
5836
2686
5615
800
1869
5007
4576
4502
2311
2463
5296
3844
2950
5442
5030
5107
1737
5015
1604
1939
2998
3060
5789
1268
3959
4699
3969
104
2005
5164
2822
5696
2559
3909
1524
1234
5511
4197
1389
668
1497
4942
1080
227
3417
5672
1433
180
920
3090
4654
2203
1843
1427
1944
1474
3016
4046
5012
1297
4181
1973
341
3076
4223
4261
2608
4954
2156
4207
4420
4233
461
790
2660
2927
1148
36
2818
1636
2798
935
745
1355
5348
4953
535
4951
2292
1949
2645
778
3103
277
2741
1385
671
2097
4167
3387
959
1153
8
2784
1639
428
311
1967
2882
1065
4789
439
3741
2394
5817
407
4335
5817
5341
2201
4016
1579
328
3673
2807
1985
3929
1939
3555
4077
1868
202
4726
1009
205
4629
3017
35
5174
2677
3328
2924
5526
1777
236
1888
3265
3154
3894
2089
4686
2698
2463
1132
1377
5199
5985
5725
1604
5702
5872
2093
4916
5611
2147
2977
2359
2252
746
5679
1237
4373
27
5458
3786
4695
3980
1484
5446
1281
2607
2379
2974
2848
4661
1476
4467
5346
4464
3308
3804
3095
1690
5830
5299
5616
219
3222
2122
2682
3787
532
2568
2020
3429
413
435
3163
5747
1107
763
1223
380
116
4097
462
1111
1448
2099
4278
2410
579
5877
2248
5523
5483
2813
5936
5955
2916
5354
1073
3634
3943
2066
133
1443
1537
4039
642
389
5111
5685
1880
5778
1272
1931
3719
4936
2859
2692
2302
417
3158
2657
2030
962
0
2053
3917
2381
3103
1676
2502
3714
3707
1112
2381
4953
3316
2553
3008
1173
1646
1272
1738
3509
5834
5649
193
1180
4913
235
2095
3867
2217
2150
3165
2936
2074
1647
187
4430
1402
5394
733
672
676
5917
2480
1915
1944
5085
3802
215
3900
408
5902
5401
4607
5414
111
1592
2686
4620
3132
1690
1392
5574
1882
1595
4172
5937
2191
5354
4842
3026
3786
5935
3863
294
1969
5500
5282
5639
1490
128
5203
5896
1834
4002
4588
5006
5092
5312
5367
4714
1210
5043
3838
5863
487
766
3562
653
3917
2308
403
3823
5537
5044
215
3015
1044
1986
582
5628
3405
5875
4137
781
5234
5796
1186
125
310
1527
2095
2699
3804
5579
4073
876
3289
486
4617
2215
1992
2834
3801
3613
3063
2082
5848
995
4974
5744
3319
1790
4160
4548
5249
5306
1914
914
5864
3159
5528
849
3322
3024
3943
2788
4899
1769
4037
3190
5275
3636
4548
3911
2816
