2484
2244
1000
4604
954
1414
2066
2796
1563
608
1463
2169
1134
3722
1288
2518
5402
1472
3341
5151
3446
1221
4904
3043
2072
1492
2068
2841
1550
2433
3072
2708
1225
1069
414
1604
1963
2704
4821
398
3845
2292
3935
2440
5399
2883
5440
4425
3173
2823
5072
20
1786
4909
1963
2697
4247
1231
2963
74
2233
1812
3038
228
2340
2254
1607
1732
5361
3236
1308
4761
1442
4966
4006
4036
2750
4697
1753
1834
1692
592
2675
3368
213
2140
5024
633
5359
1205
2415
5125
4384
3302
668
1759
1940
1768
5109
652
1930
4604
2636
2311
4254
409
3272
1312
4269
4733
4020
1749
4866
2763
5437
5465
3726
171
3971
2611
3375
3427
672
1536
853
4969
1825
2565
4082
742
990
928
1412
4945
1500
3854
1616
282
3081
2673
4442
467
4236
3016
1740
649
2632
4628
3810
5156
1785
2416
200
352
4602
753
3946
3448
1173
1319
5033
737
5128
2599
1510
5032
456
4817
3213
3225
2053
99
2432
2459
3370
5477
2106
2854
1951
5449
4603
5072
1501
5219
690
2661
3625
3357
3086
1610
2957
5276
4474
3452
2852
2950
4952
3435
497
1857
2941
993
2036
690
435
182
1469
4143
1848
4673
657
2943
3835
4004
5499
4636
3977
3409
3064
399
4301
2569
5164
4916
4097
1808
3126
1977
4870
2487
4514
2728
5267
5195
4857
2646
3835
5434
4625
4939
265
1030
668
3944
1984
2158
3220
2615
868
3045
5229
3553
4924
5236
4735
240
2489
5324
4802
3732
3288
1753
680
2925
4396
3894
2606
3446
1545
3336
2207
4268
3721
4722
3530
5350
4
2936
1023
3497
2092
1409
3079
705
2089
3483
3821
3619
4087
3497
1128
3754
1911
3019
3194
3485
780
2462
1909
411
832
5225
4222
4254
330
3733
2149
4958
3234
4948
5089
5349
2708
299
4193
1624
4046
210
3366
2325
1723
2698
856
5345
4777
5227
616
3497
2674
2912
2448
3777
1443
4383
4155
457
3422
4766
4259
2872
1354
720
181
1587
1645
4474
4404
5162
1410
1457
2407
4538
3781
1108
365
4627
4220
1471
4011
4610
5303
3068
4797
5244
5368
5455
341
2149
1686
3294
2389
4083
849
2746
3972
4224
679
1004
3560
4639
173
1072
2783
2551
4372
1023
5389
545
3039
5205
2674
507
4567
977
729
3835
3630
4566
4872
3827
89
3672
719
5376
2857
1552
136
1990
5129
677
1602
2802
1307
1979
3867
2951
5176
4750
602
5094
3478
2308
3970
397
153
1144
3084
583
242
3098
317
2634
1952
329
185
2215
2964
4621
492
4535
2336
2002
4492
5228
3548
2094
314
3130
2267
4677
3410
3804
1809
4651
1954
2871
4138
3964
3134
4136
670
4353
4135
819
4915
408
5131
400
3061
2548
4753
2571
868
3103
5035
4445
4737
2657
2072
145
2667
2521
1947
1337
736
5184
3366
3777
453
94
447
4466
5223
657
4707
3840
1665
5098
1592
3743
4367
1923
5210
4756
1916
627
2566
3793
2708
896
4766
4843
2676
5414
3186
3994
3092
3062
2131
815
2584
742
371
5373
3098
3892
3464
1087
1583
1006
1854
3291
3085
3517
644
668
4685
4379
715
5267
3355
4311
3539
1900
2264
4855
1407
4003
3704
1004
3264
4681
832
2115
722
3884
1990
2785
3319
2020
2977
5277
2560
3942
4868
1649
3321
3687
2911
4334
3149
2580
2401
994
4424
4752
2425
4005
2602
4484
3372
3588
862
2900
5468
1533
4203
3340
4927
2119
2602
3069
382
2143
3561
3062
4269
1125
4092
1911
1225
2917
1539
4132
182
5013
612
2160
907
4211
5323
1372
3792
1113
3144
4851
642
1901
3568
2429
4609
2900
2860
452
4511
5439
3970
171
2649
5044
5250
3870
3040
455
1607
3919
2770
1240
2012
2815
2312
1450
3702
552
2552
3075
2098
2579
2075
4194
1951
4519
1172
743
2538
2992
616
1629
3948
1947
2811
5314
5242
2531
944
1065
2843
5077
5010
2188
650
1505
3758
113
3507
2912
4428
5434
1977
1758
5034
2493
2729
625
5257
3019
5294
433
2796
5406
4897
3208
3610
1319
3913
3422
708
4750
3000
805
748
4287
3513
10
5205
3709
4573
3404
2140
5061
4224
5426
3913
754
3975
4881
1647
4526
1640
4060
4280
2058
2878
4083
3528
119
5234
148
2253
1079
2575
2464
130
382
5130
4627
3122
2465
4886
1267
77
5374
164
239
2653
4660
931
4693
2677
3107
5259
1952
1683
2448
763
876
3381
45
505
1420
39
4835
1090
1422
1027
2461
904
4535
989
3882
4068
666
2810
792
4140
4731
1685
3012
4054
3498
1753
2894
3759
3049
59
5172
3476
3595
3123
2111
1623
3170
2541
5247
4378
1703
5235
5101
4620
5387
1594
447
3376
5194
1783
4995
989
3852
1683
3509
3016
1759
4074
4023
4945
2148
2366
4568
2885
479
1704
3292
3035
2698
1972
2818
2383
1259
3718
3148
1408
2849
1980
3857
4307
3580
2960
3043
2277
457
4972
3904
5217
4562
4549
3594
2988
1464
2528
949
3889
2705
1174
364
2342
3493
1584
1277
2828
4021
3504
5084
2295
1167
4780
4676
555
3519
4013
1496
5119
4930
2419
4160
612
3597
544
1958
3248
5017
618
4817
4050
1425
2923
692
3823
826
5012
3144
23
2542
4742
4043
5146
804
1550
3131
833
3209
3751
3158
8
4304
1137
1925
1015
1485
1325
2921
1550
3547
5124
124
262
4983
1074
5102
4442
5133
1945
1266
4991
4006
3739
278
1444
349
4729
1570
4945
52
2768
2858
4591
5410
2290
5421
2597
3362
790
2802
70
2991
5494
2061
31
5039
2527
4807
1968
2171
5351
1403
3719
884
3478
1654
1770
609
5218
3574
3627
5418
194
3702
4281
940
3277
2174
4049
1335
4289
913
4419
3432
115
3209
1675
36
1794
3783
584
4399
1769
796
2645
5410
2973
2593
4215
4044
5280
2227
4775
5419
2860
4039
2836
2519
1047
136
1284
4801
3789
4399
3137
1930
1628
2372
1099
3339
4476
1822
3231
2993
5052
3209
4603
3542
423
5437
1139
2278
5396
1024
3252
2405
4658
1817
1815
4497
4840
3444
4067
704
2418
246
5380
65
2652
401
2088
3488
2348
1452
4548
1641
1891
3381
4462
1013
1881
2989
4275
3744
1962
5018
4588
1654
4992
2612
1195
617
3780
93
3276
1376
5421
1051
5185
1562
2868
4060
2104
1791
3421
4586
3619
3652
831
829
1630
4643
4461
324
1318
2981
1066
3780
2489
2599
5338
1057
5043
572
1974
1244
4792
285
1572
2954
4000
1276
4364
3102
1196
2035
2581
1626
3101
5365
568
3496
4743
603
3913
3256
2405
3529
631
4751
1565
448
69
2082
2860
2763
610
5344
3915
3530
3717
3939
607
1207
3964
250
5363
5314
4839
565
685
2616
2030
3439
3765
2307
1844
5276
742
2812
433
4166
2546
1777
1179
4564
1501
3895
5154
422
5129
2357
1967
1898
1581
3692
935
4121
5015
4006
1760
5371
4688
2746
2560
437
2584
4165
1229
1583
4276
4743
4874
2073
4421
1025
690
432
2118
4848
3888
1234
458
3248
5114
4355
3103
246
3198
3587
5275
595
3650
1329
4197
85
4067
823
964
1754
3898
3187
1189
4521
3288
558
5182
3925
1577
1376
3332
3864
2208
2059
4201
631
1762
3011
4323
3517
4224
4075
766
3647
5238
1225
1121
3416
4830
588
1641
3533
4111
3475
3461
3470
440
3571
5405
4813
5192
4029
2066
3309
2319
394
5412
4852
1819
0
3800
1109
3162
481
622
1428
61
3473
3815
196
4478
5005
4478
564
1482
619
3856
847
889
768
3282
2985
1976
3188
3357
5330
3325
806
270
3269
62
3751
4759
1183
5060
2647
1909
696
5370
2391
943
1751
2863
4193
3009
1557
2117
3063
2351
2295
2760
1694
3557
2789
4375
55
288
647
4078
4003
1178
219
2001
4189
2639
4630
2329
5294
3117
5457
4513
4721
2177
152
5013
3329
1756
89
5250
3674
1718
2126
1941
488
3766
148
2839
1980
3751
5157
5253
2011
3965
1102
4030
4012
4973
2302
2998
2612
1372
5099
4298
93
4891
2147
4279
1708
5368
1576
175
4574
4232
4248
2499
423
2993
3083
2550
4617
4631
3287
5463
1759
916
2274
4424
2622
3020
4800
979
1609
2979
2224
1254
2937
258
3808
2173
2859
3386
4445
5195
1906
3481
5158
659
1167
2077
2514
3682
3292
791
3541
5280
5289
681
474
4011
3045
2325
735
4883
5388
1262
2762
1539
5135
1136
4520
2529
3398
2188
1018
5306
914
3170
2191
4809
4987
5136
1449
1854
2560
5120
4739
4535
1105
2805
1764
5459
1471
2750
1759
4151
738
1449
3358
51
85
3328
3334
1457
340
763
4805
297
370
4354
783
13
2219
772
3067
4407
692
561
2186
3553
4011
4312
5234
673
2858
1290
3476
1579
2082
1104
1536
2212
3986
831
907
5042
5454
1099
943
1794
1046
4729
5343
3554
1584
3474
2985
4823
3810
2702
3497
46
877
1794
5081
3955
3416
870
3267
2010
3821
3450
740
3296
2381
3580
3413
2015
1067
1656
7
3271
2354
4092
1278
2928
1266
90
4859
467
25
4908
3448
3293
3802
1139
5156
951
1615
3508
791
1465
903
2745
2049
2687
4660
4712
4546
4981
3471
5017
3963
5086
3419
574
3932
537
136
2877
3985
3028
4048
4338
4632
3895
508
2386
3973
2368
4261
4684
4312
3860
1803
4928
1008
747
4226
5326
3285
2660
1023
3160
3233
1453
3315
2532
1197
2950
4743
5201
4515
1125
5293
3145
1039
139
3563
3189
4706
814
4540
1949
4035
5234
5237
2954
909
3133
1835
2874
2899
5031
1395
1251
4518
439
1003
3709
4754
3698
2590
2206
3836
4422
547
276
5104
2702
3104
4898
3576
2601
3906
55
5427
36
2318
4776
2964
4598
5270
941
4071
2611
4578
976
2530
2781
1519
5461
5154
2567
4998
5318
3477
3791
846
3215
3904
4780
1835
5091
1634
4345
4310
1983
4408
5210
3701
1059
3524
5349
4257
702
461
572
3373
389
5269
4289
655
4609
4089
370
2882
4576
2190
352
5106
1999
1241
2125
719
2090
1154
5167
2620
1264
1358
2599
1031
2005
4231
2993
1787
1981
2189
3177
2295
1244
2422
1033
1011
89
39
1099
727
1812
2895
4806
4470
3331
3782
2828
4096
4816
1178
3017
4927
3374
4898
2932
5228
4515
1019
5244
1072
3319
4399
5435
1117
3787
2250
2479
2628
2935
2401
5353
5124
1137
1839
4288
2160
2552
4315
2954
603
3541
3511
5405
593
2070
5303
3697
3403
4101
4909
946
1004
3712
4952
1066
3159
3495
1353
2545
3784
2977
2866
3201
3506
293
2656
109
1219
1557
4168
5326
2812
1005
5313
3802
1737
3679
2969
1041
5141
2371
728
5233
2963
1047
4900
1665
2287
2780
127
4198
3048
191
2819
1587
1944
3750
1560
2747
2951
1551
4402
4961
1414
2052
3760
4060
4799
3154
2568
4841
5053
257
5246
999
1853
100
773
649
1004
2666
675
2038
5269
3692
5074
3226
4439
2917
1427
2693
2420
4769
4760
395
2442
1534
1387
935
975
2614
4069
832
180
270
3497
42
210
1415
473
3393
4084
2348
3987
234
2073
408
305
403
4887
3210
4867
704
4806
1275
487
1471
4975
2307
3091
5436
3053
5208
5075
1632
5297
2320
262
2880
278
4557
1115
5303
67
3872
565
5040
1074
5260
343
3549
5423
4077
1575
2838
3473
4026
2569
4118
1422
15
1256
4481
2513
3519
1550
3931
2141
2221
5497
2832
1101
62
5423
3073
46
301
418
5494
522
4779
4077
3782
1095
3130
4630
4301
2485
3765
3236
2436
3066
3429
2834
1684
3455
2235
1491
821
2799
1139
561
4990
251
2465
82
1031
3797
2042
3889
1743
4059
3550
2374
4811
320
4285
4077
2407
3947
2040
267
13
4204
1243
3628
680
3327
809
3149
1611
1428
2740
4200
3130
608
566
4834
2730
4323
1113
2368
3531
1319
4071
5190
1371
4574
4454
851
3058
2881
236
1839
5072
567
1287
3048
1193
981
3284
5056
1509
1671
1633
3020
2081
3721
2141
250
2
3076
2572
3893
1602
2748
2241
21
5012
3496
4653
474
3001
3492
4632
3015
2885
2096
1262
5284
2095
269
4617
3433
1243
1517
4350
5318
1978
4236
3815
3267
2231
702
4140
1509
5180
4952
5086
2484
3067
694
2809
5312
880
5296
797
3307
3166
5014
2077
2849
5403
839
1014
3302
4772
3597
5428
2570
4420
4746
344
4875
1032
806
2133
2592
2073
1617
5138
1366
4279
4666
3932
1202
4520
4265
1430
2867
1833
3738
3750
3094
4471
4915
3510
4401
249
184
3884
2451
2481
1815
2319
4513
1094
2646
580
4865
1318
4274
5393
4347
4210
949
1736
824
1787
1620
3800
2876
5242
1420
4634
4089
1461
349
107
3146
3053
4870
2337
3322
2092
1864
4560
105
2092
3654
5006
3542
3186
4202
872
3411
1993
162
4374
4362
3899
1723
2538
5005
4071
5323
2845
2512
2668
3549
513
1667
5113
5498
4066
907
546
4327
596
3319
2840
357
2910
149
677
3859
2915
835
5191
3614
4883
5195
5191
1815
1620
4042
3434
1151
4158
1892
2272
160
3504
4578
449
4632
2123
4826
4985
3601
3626
2604
3583
3016
4303
3187
1839
3544
4372
422
3526
52
2061
3988
1147
809
1559
795
311
2633
5415
321
3693
5356
4501
5470
4964
4869
987
4823
194
3927
2018
3267
2280
5482
3773
3767
1868
2669
1686
3556
5327
4881
5297
1809
1451
1439
4630
3489
2228
3781
1647
2826
271
2210
4296
2900
4035
741
412
253
4322
5075
3753
5201
813
4888
1031
4379
3572
3377
4206
4262
4393
3228
3415
3238
1607
1631
2406
5403
1919
3294
4861
1393
2202
3615
2196
2887
1922
315
2368
1305
772
2535
526
2576
4391
150
2643
4541
932
2026
2166
4819
881
5459
799
3971
1328
3603
2526
5245
2664
788
939
1708
799
2477
4541
4511
2125
4684
2980
5443
3624
4125
3470
5278
1037
4151
4551
4234
2374
4255
2874
499
2911
4906
4116
1039
1968
1121
4738
1380
404
4633
5351
1820
2561
717
1823
1984
2395
2239
5209
3731
3202
3687
88
3751
3372
151
2829
1922
684
3568
2720
1394
2874
1710
152
1603
473
1055
2103
2083
4759
4586
2826
4132
3756
4296
3659
3542
8
4060
2333
916
2655
2679
177
5045
2968
4615
999
2532
681
5
715
5273
2783
3539
2850
4895
794
1091
3688
3394
261
3162
1504
1346
4924
392
5457
3926
694
3017
3465
1712
3105
2207
4444
562
4252
410
4730
1146
1385
4286
5212
3583
4874
2044
2705
827
5391
4819
5466
257
5469
2342
926
2032
2797
451
4252
4363
1707
1439
769
5333
1226
3621
4001
213
842
2338
3622
4898
4509
5083
5137
4520
2582
841
1074
4566
4524
4013
5496
4553
3188
5061
3806
4971
1771
99
4388
2678
1323
4957
4581
4772
3732
31
3945
2222
3919
84
899
1573
2615
1912
402
2005
5128
2727
2590
4073
5365
2268
1830
529
1494
1884
1312
3715
2759
266
106
181
2128
3957
696
3736
4801
3888
1531
1886
2046
1342
4289
170
4573
357
2350
4165
2696
1270
1415
2548
719
3399
4889
5401
4398
2278
610
1208
3704
1726
3733
3078
5364
1355
4544
3731
1613
1795
4215
3488
2901
1056
327
1663
2970
1378
4569
5340
3793
3933
2538
3691
3541
5064
5056
2874
4121
53
3867
3541
1141
4257
2081
4541
3787
4440
1411
3339
5090
1194
2254
2860
920
2849
2239
874
3210
931
1560
4278
2208
1429
3143
3078
1382
4314
3452
2271
2406
1449
474
3359
4112
1254
2447
5260
2527
927
95
1409
3809
1948
20
3711
4073
1214
1888
1048
4705
4876
2086
2000
5073
1601
2758
940
3376
3673
2628
1236
4742
1519
4233
1306
3597
4864
4462
2877
4646
1241
4734
2237
4119
69
4263
5391
3858
1730
3917
597
4559
3106
3179
985
3
2481
947
582
1643
3169
1532
4101
5125
2767
3950
3010
3802
4533
3403
4215
4272
5302
3494
3446
1391
2753
3505
118
5207
2010
943
2777
2016
4551
512
2989
4587
1547
221
4716
3201
2329
3805
4359
2635
1668
5395
630
4236
4724
3405
4802
3411
2537
5077
3129
1540
1700
4166
3616
3518
4413
4955
5395
4161
1524
2552
1852
3821
3125
5146
5214
4639
4671
2082
5469
4683
222
4682
719
1224
4777
1673
3719
4041
866
2460
719
4364
4929
433
4135
5117
1284
1707
3208
4157
3621
252
3991
2132
3855
717
5371
5046
2262
4688
4215
2298
294
3552
462
705
519
1409
3893
4290
3334
995
1341
4903
3290
3262
3049
5068
2162
624
4940
3111
2515
4891
1473
2649
2970
2377
1829
1789
2834
1390
4582
1227
3300
877
3132
183
1104
3632
2892
3691
1085
5174
2982
2971
2482
2
2837
2117
3628
3786
139
2925
12
2158
1075
464
2457
2811
4466
2524
1655
3785
1956
1559
2959
3225
2456
3958
3987
203
2129
2268
1986
580
4384
870
3993
4484
1832
818
1953
5145
4304
1947
2358
2716
1975
5288
1397
4484
4991
3587
3005
392
4984
126
656
2284
5312
3598
1560
3069
5039
857
2578
5335
4373
646
5163
109
4708
551
4942
13
3521
3983
2391
3473
3491
5050
2145
82
5467
4226
2876
4399
1835
331
2862
1158
1342
308
4943
1687
3822
3145
2688
394
5451
1261
3124
2452
5143
3129
4079
4369
4136
1066
4948
3726
2334
5233
3670
1730
3424
1401
1700
2043
4115
3151
4226
4374
824
5126
5096
3019
3826
2409
4261
2432
2523
4786
2237
5385
2309
2580
3975
1111
1558
2609
30
3466
3409
2066
1996
3196
1512
741
1025
691
1459
4002
3815
246
3678
4026
3703
1232
380
4524
1760
1475
4188
2857
4884
1237
2884
3732
5106
5357
654
3683
5151
2361
3599
1601
1354
5016
2840
1009
5108
3435
4007
2948
4674
5108
630
599
3448
143
1915
396
5490
2533
2179
4330
3450
4595
4262
176
1405
3257
1658
5228
2817
2936
1684
178
1037
1669
4948
4173
4895
2516
4147
1164
3294
914
2102
121
2787
767
799
2086
766
4359
4889
4762
2043
4836
210
2309
3400
4385
2320
4032
5322
4943
2488
2096
1604
3413
5327
4449
1447
605
4964
2094
2492
5442
4259
4376
5148
5385
700
4017
5137
433
907
964
3179
2443
693
3438
3154
2162
93
3955
5236
4728
5472
264
1699
479
1714
3777
4728
3775
4865
3568
847
5217
797
2856
1979
4844
1863
2399
2583
4303
1568
827
4638
4664
5037
2337
3256
753
393
1702
5302
1574
3295
4257
4815
1262
741
2293
1094
2233
1766
4048
3160
2155
4176
5406
1632
1228
3619
4145
3262
513
975
2817
1337
1292
2648
3120
993
3424
535
855
3167
4210
4881
3060
4072
2640
952
5066
3006
2132
2992
5346
4359
5452
4231
4408
3039
4286
4108
3662
2173
31
91
3693
3630
5003
4754
35
1950
560
924
2056
2853
4290
4046
3549
2889
3623
4623
3030
3026
1903
4398
2732
4627
500
5267
3604
1873
5181
5475
2531
2958
4765
2525
2644
1726
4299
4009
1707
1382
4021
4541
1792
3079
5073
91
5176
3471
1440
2317
7
2195
3166
2748
3736
3484
3619
2192
3913
1996
3250
495
252
5001
1135
1277
3796
4678
5370
1251
4900
550
2598
3551
2683
4481
492
139
4840
497
4251
2820
3748
2358
5498
871
5302
2291
5093
2098
4035
2809
3856
864
5041
640
1824
106
4898
332
3012
919
3829
997
4637
5353
973
1502
822
4294
54
812
2696
2766
213
4545
1142
1269
360
648
1169
4497
5243
3680
4843
602
4733
1724
2646
1442
4823
2422
5148
609
16
3936
193
3254
4366
2656
4824
3121
2609
2728
5227
2411
4195
4318
3879
4312
4860
5162
3885
5072
1819
10
2720
2214
4089
1623
175
2999
3534
3702
1326
4298
5310
2558
1745
5473
331
4014
5101
2843
3462
2915
3216
5137
1260
215
76
1172
3446
2190
1591
460
81
1845
2454
71
4872
2721
1464
238
1195
2082
3663
2953
1466
2936
470
1731
5043
2792
4373
3056
4605
4528
3755
1826
2194
4666
4601
5135
444
3515
1845
2397
1839
3279
5318
609
551
2149
5006
3031
814
3504
2706
1578
4398
218
1897
2228
2334
2774
2117
3752
1429
4201
4027
4115
2903
2801
5123
3747
2027
1001
573
1875
4615
1930
2695
1269
942
3724
1995
3165
2104
2766
3599
1162
2527
5375
4584
931
4096
2404
3081
1836
2227
4674
4318
5236
3381
1730
4973
5187
4718
1966
640
2333
920
3731
585
2338
2324
3817
4680
25
5171
3142
1519
3392
1404
2859
2428
2574
3041
626
1739
3527
2055
5464
258
3045
1279
179
4732
4648
2331
4239
3078
1304
2903
2391
5313
372
4798
3469
4657
735
5465
4542
2057
2552
1290
2883
3045
2251
601
1964
4261
2701
860
2687
397
1737
3686
5466
1395
4096
5439
67
495
241
2414
1544
3746
2687
3408
3047
5325
1443
2456
581
2082
946
4849
979
3779
2787
2592
1574
2891
3451
4235
5398
4153
306
3276
614
150
1573
2362
2988
3723
1293
4383
552
609
4540
1357
1148
106
2013
1930
3922
3785
2059
996
3922
1882
441
5131
4128
3543
5396
3228
2974
2707
534
1794
2002
4442
803
223
1406
1458
3187
4256
1742
3157
838
1698
1987
1187
1060
5270
1191
967
3722
2424
2196
1578
5235
1793
5410
2676
4124
3538
98
4719
213
2577
480
3698
3760
2003
350
1880
2929
1807
4961
2410
5229
2259
1885
2199
4749
4221
2111
3211
5095
2721
2563
4242
2079
3786
3764
863
3159
4754
1922
4037
5033
4812
5487
679
2318
4781
4063
2524
524
1415
4619
25
3962
2839
3094
3332
4172
4981
2549
3277
1930
518
4812
1728
6
4366
3346
1802
4078
4548
1704
2921
5312
711
4087
4212
3900
738
3530
4432
876
840
3159
4186
2804
3055
4365
2500
2601
3608
2459
3554
3464
3736
3241
1578
4908
4969
912
4021
3448
4039
1869
2367
3615
1050
2604
325
4399
4810
1443
934
4581
235
320
2783
51
691
3918
2568
5064
3340
3756
2225
5388
5003
5402
2670
4892
4475
1283
3123
3305
3528
4528
3
154
3953
1221
3435
565
1877
2805
443
2171
5106
2708
3026
2299
1106
1186
2033
5144
5163
4948
3183
3338
4726
1718
426
2576
5393
637
964
1713
951
126
3824
2293
657
1688
3429
4664
1514
2960
1916
449
3207
2122
1223
4841
5153
717
4793
2422
4216
3963
526
4039
3786
1086
2199
3398
4342
1671
2493
4677
2739
2482
1652
5268
3109
3020
2288
4339
4390
925
1203
4372
2169
902
937
676
3443
2262
3185
3858
3440
113
3345
3942
3823
42
5357
5247
1882
1253
2261
4096
3573
3402
2981
1710
936
1181
3119
3299
2408
2292
5009
1964
4879
5239
5248
1260
4922
4857
581
4688
1589
3462
3674
115
5368
5357
4496
3159
549
2088
284
559
1368
2770
3557
56
4588
1115
3083
919
2813
2676
3510
1388
52
1855
2457
2609
1844
3348
2508
5115
77
3238
5109
758
3442
5147
4492
4625
3347
4766
5151
1620
3918
671
3486
2682
5356
5362
4007
4755
5169
3942
3190
4262
2121
85
2095
4788
2821
1252
1748
4200
1514
3389
134
2836
3717
4373
1417
3459
3632
3385
514
2105
3173
492
4633
1499
1925
1530
2467
827
671
5433
4988
4452
3395
1537
5402
2660
3106
3523
4244
3599
3454
1479
4158
5448
1588
4942
5479
4391
5269
3159
2567
1117
3309
4718
5034
909
1877
275
2300
2368
1373
4462
2610
879
2239
603
4943
970
143
3645
5027
2612
332
4044
4505
4431
2260
3059
4253
5325
5156
3938
3085
1145
695
2921
17
3970
2562
3025
2669
2933
2144
860
3107
1211
4800
1299
4334
2240
564
3233
183
767
3440
1824
670
3119
1384
2676
1773
5287
2847
1768
285
5304
307
2628
30
1543
1154
3641
4586
3238
851
3696
2454
1095
1421
3701
1869
948
4860
1664
5450
4267
714
5011
1941
5066
1178
632
1053
2188
2385
1919
1741
3006
5325
4519
4913
1720
2895
3945
3264
543
3112
2793
5368
2993
1452
5117
5267
3161
3980
3258
833
681
2903
4577
2375
1715
1240
2808
5090
5291
4362
2045
380
119
1528
55
1065
1688
5080
306
4382
5373
3571
1324
2502
1099
1089
3855
4837
3712
1471
5489
2848
1937
5197
1507
5079
4158
5274
963
593
3737
3478
4072
3431
2164
2837
5340
4760
4556
2853
588
1041
5043
1258
3000
4398
1165
4910
4411
501
1427
2030
3168
3903
2911
3042
1367
2613
1428
849
237
272
4725
742
2550
2261
1184
539
1193
4129
3033
4515
4335
2924
4098
4763
3782
4605
4857
2453
4773
2214
1748
3561
3525
710
2822
1201
3730
1198
5312
5389
2636
2632
5001
3840
2457
695
2063
1127
535
3055
4916
240
3848
1796
2868
3235
1002
2659
670
3936
3998
2529
51
436
2272
5437
4280
4670
4840
277
3650
3502
317
909
3699
2098
4096
688
3813
2449
1569
4703
4968
4002
1933
1004
259
4117
4687
4928
1163
4397
2176
2645
2614
2062
2742
2060
519
2089
1426
4855
155
3947
4190
2211
4292
3491
3254
3240
1419
3433
4668
3342
2567
956
2643
928
4670
3738
1857
1272
1869
2163
992
427
4779
3708
4711
919
2347
979
3850
3427
1210
2089
2995
5421
4452
5323
4061
5240
40
2386
4575
2282
5011
1826
2151
2881
3870
2645
21
2858
3772
10
3726
1298
5117
3281
3234
3989
5342
1958
4818
685
3511
3043
3244
377
955
4238
4684
2063
272
3792
3143
1616
394
1164
2939
5098
3506
4848
847
0
4647
958
1735
4382
1181
1014
3555
696
4634
4384
5324
4022
258
5346
5151
5122
560
3505
1159
254
3620
4205
5203
4216
3336
1754
2953
5388
1046
4449
3534
3109
4475
4732
5137
4504
62
4251
2824
1010
212
1336
4845
1953
3856
2874
519
2603
2729
726
282
1404
4727
779
5156
3289
387
280
4151
2962
3934
984
2843
596
1677
2910
5017
3227
4196
2547
1990
56
2664
5118
1626
1603
3868
690
3974
4318
4812
3439
2685
817
1469
4851
4602
3145
1229
4511
5431
2184
2858
4507
4157
5358
4214
3730
2592
4276
3403
3671
4203
1207
2766
1682
3518
2383
2018
444
4884
3949
285
3931
2791
1374
2806
5100
244
5011
3755
22
3987
2947
235
220
1072
908
1709
5315
5240
2326
3395
2211
143
3717
3534
1564
2604
2754
503
2077
5210
2885
4994
2426
2198
530
291
2479
2874
4062
1293
4957
1453
3166
4008
4215
634
4384
1881
909
4655
1733
3965
434
4257
2467
4359
2413
3582
2883
549
1760
3208
450
157
4328
3025
5110
187
300
3797
1008
2627
2068
2735
2054
1222
2557
1648
3307
2057
1688
1999
338
1120
1017
4126
3333
2018
156
2570
4310
3790
2219
4129
2568
4780
4605
4452
2733
1950
2402
665
2083
4724
2031
2407
5306
3000
2706
2597
2117
5402
5165
278
2445
4829
1004
3929
2718
1947
3632
3146
4644
4270
2034
1125
2199
5152
5178
4375
259
4321
4982
5309
2993
946
2026
5372
1974
4890
1218
4267
3714
5208
3134
4382
784
2950
3950
3803
812
3909
495
4081
5036
1319
3563
4389
1763
4244
2873
1098
4033
3367
2036
2541
4428
4847
1054
5265
643
1284
208
3482
4210
3666
4365
1737
4917
517
300
4984
3318
2674
4332
3822
2450
4591
4592
3517
5020
1311
2608
3294
5015
844
1687
1747
3717
4204
2386
284
3456
3998
2149
2763
404
4242
4921
2473
984
2018
538
303
5095
820
3524
4183
4915
5030
3890
180
641
4188
2654
3089
2359
564
5112
3292
1516
504
2049
2060
4134
4169
4688
2429
5010
5486
5430
2056
4172
3063
2015
3824
1573
5076
4745
3339
955
850
3040
1451
4760
32
1223
1388
3627
4876
1847
5122
5109
3844
2949
297
2396
1956
4487
1581
3858
4603
1136
4233
4037
470
632
1460
846
4174
2521
5226
708
1185
1763
1765
223
5163
1083
263
3663
743
3859
2689
1123
4885
4018
3714
726
3084
243
4319
1006
2492
4747
2583
2612
1518
4617
2746
11
937
218
4136
3696
1510
3671
2539
3904
4172
4011
2022
3062
901
4133
3952
3448
4285
4002
2161
2637
3871
1631
1006
5096
5155
1180
5064
4996
2884
1213
1803
1409
1539
1094
3836
5307
349
4507
740
4009
377
1753
5166
500
2354
3833
3164
3007
384
5434
1957
4236
455
5213
2754
2921
2982
4317
2275
5365
4138
2433
2583
1710
78
2040
2412
668
355
4140
4945
2687
292
3183
3941
5038
3095
126
4240
3735
2196
235
2778
1480
5352
586
3008
3997
686
4744
5428
76
366
549
4321
4527
1203
3009
591
2819
1923
4221
1461
4838
3398
5276
1216
3467
2887
4125
1397
4382
2087
3404
1420
4840
208
3245
3312
4744
2283
2992
1299
2480
627
1852
1018
1051
3533
3399
1809
3305
1629
5248
5325
626
575
4260
2988
4155
1883
4505
727
542
4534
3181
1547
1305
2753
619
3953
54
1917
3741
4379
2338
5202
3915
3177
2512
2274
4643
4282
3657
2849
4195
829
291
2178
3203
2647
583
1285
2928
557
1668
1177
870
819
34
3966
4940
608
1739
4423
2000
4050
793
5498
61
519
3789
2056
2178
4462
2616
552
2554
1511
4513
1696
4769
3406
1966
1087
2191
231
3037
1908
4111
2060
3311
2079
2020
3212
2183
642
143
1859
186
2407
432
1951
5106
4284
4055
2705
37
2625
4743
482
5076
1285
1211
5406
3221
648
1749
3822
4203
5242
3760
1046
4597
1169
3682
2722
3854
5470
2064
2730
1800
285
74
773
4902
5434
4278
5415
3720
2580
4111
1664
5175
4329
2176
2645
3923
3405
2544
1930
3587
336
3146
2241
3819
2075
3226
2509
3391
5067
1993
3611
4871
4365
2163
3827
2911
2057
4055
1901
1798
2978
3333
4261
4752
4604
4751
1953
4313
69
1913
302
2600
990
1912
4061
1025
2601
4662
1590
3056
3785
4640
5126
1700
4030
3956
1539
3503
3667
1162
2909
134
5098
5127
5299
2389
685
1290
3868
3978
1548
200
5338
3996
3684
34
4307
220
5096
1320
1600
5119
1419
3128
5035
3114
2764
3277
4305
4023
2750
3596
2024
4877
1460
5122
135
5444
2186
4152
4804
2694
822
4452
5323
2498
2749
388
3309
3320
238
3889
196
3657
2626
5473
1274
1889
4075
1570
1714
3871
2999
335
1854
4782
5260
3762
5003
111
1529
3730
343
798
2632
2981
4393
1025
4947
2434
4524
2567
4562
1328
1941
175
3810
4752
3544
3430
3240
3062
5325
163
4633
3581
1651
2394
4895
3086
5223
1295
2034
4650
5151
1749
4917
2281
3527
2739
3804
4692
1044
4647
4305
5034
2992
199
5083
951
3419
1533
4170
3474
4163
4867
826
4861
2504
4975
1752
5263
86
2676
4415
1558
4075
2396
89
4118
2870
5118
2065
1411
2758
2996
1673
631
1953
2954
3676
2628
4828
132
4397
1577
2896
1403
368
4963
3087
3764
5295
2288
3309
1042
874
4016
3914
4318
4368
2509
537
1236
3309
1449
1520
1457
1980
2766
4175
5076
1354
2486
2883
1378
3590
988
1855
4459
3256
3331
1953
4082
657
4346
227
4949
2268
4102
3866
4223
5491
2681
993
1191
2978
2856
2847
286
1129
1000
4250
5256
1961
3501
244
4332
628
5031
1596
3438
4906
4694
1379
2203
2337
4337
2041
5257
2961
3359
558
2276
5313
139
4173
4944
3566
2939
5136
2056
2689
2365
519
3248
3357
4749
172
5356
4767
4981
4264
4458
2786
98
4431
4387
1891
3101
2598
3845
2297
4444
2186
1272
434
4515
270
5479
966
250
4477
3462
5466
1236
4994
1423
5325
2498
2517
1266
3955
607
4179
1494
3383
2089
4914
1313
99
625
2303
1095
2231
835
4910
4860
2719
2317
5003
788
1202
1418
448
809
1095
1046
5186
5360
183
5173
5460
1224
4589
3161
3488
5261
4090
2474
4329
1989
3102
4746
2987
5361
4301
1941
4293
1939
4891
4520
3833
2355
2085
2557
787
176
156
3362
2296
1881
1321
4672
3130
565
1680
1483
544
5156
1367
5401
5206
4960
2423
2719
3111
457
2325
511
449
1921
174
3240
3528
608
3676
5421
5052
2039
2398
3290
5175
3660
1768
861
3113
282
4000
4816
3378
1519
526
1878
1611
729
2222
1305
4743
1921
5095
3696
3633
3559
2804
3735
2042
758
4072
3420
509
1539
972
1700
132
3698
5312
1987
558
4961
2194
1660
4070
2367
702
3969
1811
4188
3767
1464
2050
5262
4577
