4294
789
4038
4497
4130
1395
4556
1886
686
3727
596
1014
3999
2146
4306
4144
951
3622
207
3788
2254
295
4555
2359
3697
1131
3230
1104
4048
4323
1279
1239
1406
1129
3375
181
2602
3185
1171
535
2589
1645
4069
3220
2087
704
4070
4078
1051
2028
1490
1629
4259
2870
1967
3215
4329
2543
2275
3252
3588
1454
3962
1253
795
3609
1545
2100
513
1491
1970
4119
1485
1895
4964
1438
1700
2218
1006
3044
2822
4711
4703
3659
4794
4100
2229
2760
3646
1193
1953
357
3223
3673
3091
4445
3409
4448
456
3938
1147
325
4484
3098
3
434
1421
1248
4953
4358
4758
2463
2995
4443
364
3770
3797
1011
2617
2438
650
4790
3498
4169
1067
1278
1127
531
3491
3059
2871
4562
1389
4243
2910
709
1482
1297
2828
4302
1003
862
1922
874
367
3501
4652
4029
17
1760
462
670
3434
2473
2876
2018
862
1314
4690
1652
2982
1654
1940
1138
1097
2816
2355
3979
1935
881
3781
292
3692
4960
79
3730
2093
1793
1586
1665
4587
2080
2448
1291
257
4742
4137
1869
227
4402
2150
19
2269
2884
1001
156
869
4922
2759
3568
4286
3821
2235
941
2290
1958
3929
2465
4699
2706
3027
1898
3078
285
3011
1601
1804
3170
590
2189
1974
177
441
4812
2917
705
2947
1861
1076
2220
943
1960
106
4442
3676
2974
3896
822
3571
4269
1339
2149
620
2116
1918
3612
1500
2101
623
3097
2359
3752
1244
2346
4127
684
1338
2514
959
1648
1178
690
566
1424
3912
876
4883
4739
1513
3442
425
4241
2681
1125
2727
3250
4231
1890
863
426
3093
2742
1880
3016
2863
875
1931
3214
3087
4099
399
3098
3019
2176
1289
4915
3324
1790
2363
2216
4459
4376
4223
1082
3786
3799
1961
4385
165
3761
4023
1436
1283
4486
661
274
3181
134
3233
1918
681
4383
2904
3392
747
4114
3827
2157
2193
508
1738
2048
250
3274
3714
42
1082
3686
2830
917
4628
3487
2192
3799
165
3509
866
1674
361
2425
262
4264
3644
4874
2038
1708
4311
2380
152
427
4060
4443
1378
1129
48
3190
4254
3999
2637
2095
4442
4058
1401
1238
183
4208
2294
2653
2347
4932
2263
575
4309
3185
1003
3497
325
4194
2281
4082
4717
639
2761
3143
1464
1317
4499
1983
3702
973
2046
4693
4145
2132
726
4788
1639
4314
4739
61
4244
1347
1027
2795
3458
4244
75
1648
2312
2736
1367
4952
3397
3552
1475
963
4592
2192
2045
1081
3318
2342
3042
2213
4054
510
3433
2524
452
4353
360
4911
3640
4212
2945
1619
1354
4413
2416
1170
2253
1232
2676
1146
4941
3431
2167
3636
3278
296
3044
4103
1147
1696
1236
1043
1759
4157
2437
4617
4803
1506
4856
4991
4605
283
1797
3202
1001
1448
4989
4556
518
1087
2244
237
2304
4266
1169
2701
646
2215
1491
1895
3104
726
2122
3362
3782
2589
647
929
495
1167
2760
1026
3341
1292
3956
3004
417
4466
1743
2769
2337
689
3851
667
2435
2908
4212
1131
844
4698
246
4308
1425
4812
2021
2294
1465
18
1657
2191
285
2015
1492
1884
2909
411
1417
1429
3993
526
1346
350
1208
3969
1102
1753
3777
2049
1789
2225
4939
4557
2394
2858
131
2543
4484
124
4602
1152
3864
2390
4136
3163
4359
728
1225
515
248
840
4618
120
2089
30
1937
2549
4903
4979
1150
3781
2480
236
1953
4116
4873
1613
4073
4386
2737
3416
4262
1362
3057
2548
60
2825
4734
4218
4165
2809
613
2003
2466
2853
2953
4630
1454
2495
2636
3414
4831
2453
3496
3191
3073
2395
1361
2473
4056
4889
2177
3901
2137
2381
1255
412
70
4468
3357
4951
2357
3321
2212
137
2381
3248
3726
225
2908
4004
3408
2956
4175
940
1490
4463
1950
3317
3364
2330
2019
4033
4863
327
4887
1957
4030
66
2938
3656
3575
2483
3077
1799
1297
4990
1837
3229
339
652
4431
4600
2015
354
1922
271
2746
999
2773
4527
2328
4748
406
2517
1624
1611
4484
1741
426
2866
4898
2265
4713
2465
1777
4142
4457
398
1705
4728
2373
3002
2931
534
749
757
749
1312
2411
1116
235
4581
4545
2451
2542
4033
1296
4469
2324
2379
7
712
1221
268
2966
4902
2365
347
1270
693
1626
2486
1312
4736
2564
4411
2078
2031
2667
4277
2986
434
514
4522
313
2571
1655
2697
3515
3424
2043
473
1561
520
3420
2724
836
109
4284
4506
2790
2543
3742
2106
2319
2730
525
2084
1599
917
4857
1769
2386
2372
3215
1764
245
1888
3739
3946
3108
4225
1509
3036
2581
1973
3285
1381
436
2723
1180
4631
3892
1216
497
2360
4063
419
228
4698
3618
412
642
2761
1264
846
1206
3885
1074
1054
3128
4647
1152
4227
4869
1776
934
1069
1195
2556
4533
4483
3655
3462
4284
1461
4837
3565
4228
807
443
1908
4717
1814
11
112
2072
2933
875
4330
4418
2457
2306
3436
994
1315
4721
3384
1240
51
3011
1916
2265
1826
4843
3154
2315
2400
41
1276
905
3107
2776
1172
2643
4361
3927
3610
750
1973
2993
3839
3579
2197
2668
2157
815
476
275
2369
3567
2732
4904
4065
709
4011
194
264
675
1510
1926
4577
4675
2539
3213
2688
3312
336
4130
611
3141
233
3718
2423
3416
2462
882
4823
4803
1339
1056
1776
2775
258
2295
2272
36
3483
489
3948
1386
3555
2050
4688
3733
4170
4303
2298
2073
3302
3081
2200
2810
534
2829
2615
3254
593
249
4845
4105
2012
1061
3206
4516
4154
4843
291
604
3805
1772
1754
250
4955
457
2350
1188
4917
3706
3142
2256
4521
743
2355
3992
671
3049
2723
4631
1504
2252
4380
2214
4698
4108
3386
3491
1976
1896
4744
526
86
4039
4165
2889
819
1830
2694
4460
527
4315
826
2995
2075
4217
67
1356
1392
4440
2711
320
320
3520
3422
2958
3561
3586
4614
4174
3480
1699
4179
3017
2258
2670
386
3482
1589
3909
4836
3609
725
1564
24
2028
354
4746
3377
2730
3935
3388
2511
2654
2421
2568
353
2388
1662
1091
3112
971
2646
4831
2742
431
3140
909
1397
2386
3174
2826
4901
3246
1098
4609
429
2777
481
4742
971
806
3813
3970
1350
2708
4236
1952
1008
4221
2437
3234
2074
4613
2791
1281
3247
3613
4488
4679
3434
2683
339
1242
2820
3248
2739
2528
1557
2757
284
2722
4876
2403
2417
3094
1530
2038
2799
4669
2848
4173
1065
4517
3152
4336
2253
1748
2673
1598
4459
2506
2797
3035
870
289
1213
2642
2275
3308
412
4501
4550
961
1928
1302
4853
2884
2269
4736
524
2850
1171
551
918
1607
3592
3065
3045
4468
585
3375
889
2768
1081
4868
1660
538
748
2833
2359
696
3549
2283
1837
528
3652
4450
3709
1440
1523
686
621
2595
1911
4280
1249
443
4492
4722
1019
3030
4578
1356
989
119
923
3036
3266
2313
2174
1169
2546
1138
2814
1892
1028
1050
2323
2684
4198
430
3002
2789
976
2325
1880
2756
1718
4751
4602
1441
2236
2005
4992
3384
1860
3417
2855
4182
4082
27
238
3438
3337
4380
2361
2021
2559
2195
3025
768
491
1466
1148
4031
1247
2268
1944
3262
4640
2909
1307
4656
2074
3166
4895
1329
4177
4587
1985
1150
3538
2619
2928
1171
1144
1468
1650
1937
4114
424
4594
1001
3569
664
2142
826
2608
2187
1309
219
3948
290
3510
4341
267
3036
147
2800
4937
753
3901
641
717
853
4489
1244
882
1940
543
1316
4913
2988
4387
740
2556
1579
164
657
3005
526
2018
510
3757
770
214
3883
3137
1563
2977
2700
671
4719
3510
4609
1590
1534
2683
1919
4491
2473
898
1634
2712
2484
1935
653
3791
385
2506
4232
468
1385
4972
1421
0
3834
182
399
1226
1720
1988
2759
536
4009
937
1676
331
2226
2260
3062
1264
2303
1632
663
339
1075
890
4719
4870
3476
1171
595
3287
3449
4406
2465
312
1260
963
691
2896
1446
2977
3741
4463
3379
3466
2405
1934
187
4960
1054
2621
1698
4741
2840
1702
2973
2153
2319
2774
2449
3861
4447
1484
674
644
3481
4690
3460
1145
349
3737
1650
2938
2940
369
3593
892
3112
277
1407
1409
1802
4637
734
4909
4239
3277
3759
1230
2881
3723
1380
90
478
4614
2351
1314
2143
2105
1344
2107
375
4111
607
3533
1902
1705
1782
1109
4081
1131
1018
4821
1399
556
3286
3196
1794
2772
4436
1784
40
4008
121
3862
4102
2337
340
1372
1264
2074
123
3415
71
872
1177
2870
3231
3252
3608
3559
3476
3852
3399
3743
577
928
4288
1069
2116
159
1385
3808
4585
4314
436
1607
3658
3904
4734
2407
3760
297
408
2167
3392
4390
2661
3783
1269
1845
3761
1575
3493
3843
2850
1484
3283
2906
3831
1885
1729
754
105
2596
2856
12
2209
3423
366
1889
1280
1286
4690
1953
3549
1120
4670
159
1415
3806
3066
2105
159
1233
857
4638
3288
2143
1354
2184
1830
2456
4741
4850
3096
3687
1760
1427
3308
4596
1238
775
3054
2958
2731
2718
3844
229
1590
2598
4625
2982
1074
1156
4588
3144
4427
4400
4172
2652
4530
2606
3722
2729
37
337
4235
4005
470
3058
1945
415
958
4126
3613
3665
3310
3917
819
3852
2394
727
2033
2299
3426
2937
4341
3602
4039
693
4923
71
878
832
1184
4614
2795
3108
1750
2226
4678
2494
4860
3975
2259
930
4264
485
3880
674
1204
3535
3592
4157
811
634
1334
4748
1654
2177
4289
1025
3680
1781
4603
1800
4826
4193
4997
4223
115
1275
4419
4098
3944
4159
671
3223
3228
3982
2205
3384
1796
1059
3242
542
146
3126
3546
555
2371
3266
3477
1120
1031
929
741
597
973
1991
3494
2967
2312
4923
1218
2387
986
658
4664
4521
1340
1902
2320
835
263
1252
2446
2397
4522
2531
4937
2871
4176
4088
3439
982
4845
2887
4127
2409
5
4612
2066
1670
873
2055
150
4364
2615
3653
4209
2900
4516
739
2031
3409
3177
1278
2007
4974
224
4430
4736
190
3105
2985
1020
3023
2365
3851
534
1592
2838
4963
4157
4665
4953
569
2173
1418
4305
644
1902
1236
3297
2104
4019
3459
4702
4292
2298
2565
2015
3522
4291
156
1106
1463
4358
3519
1524
3154
4501
3423
2620
3857
132
3469
4716
583
2721
713
1885
4298
883
4261
3207
4801
4035
1599
2098
1459
2761
3558
4803
2835
2429
980
4990
191
3651
3018
3701
423
3802
3065
1858
1010
2505
1092
4447
100
1926
195
3863
2325
4773
2371
3952
2403
1209
1105
4992
503
3802
1757
4129
4965
1051
2795
1843
4557
2670
2244
3404
1046
2895
4115
2878
3490
4626
2716
1213
925
4753
399
843
2543
1574
490
514
3001
986
108
2006
860
4663
382
285
3525
608
4412
4059
2004
35
1545
3454
948
3960
713
2891
733
698
359
3611
1101
3694
4855
765
1869
260
4094
1057
4055
593
2733
4254
4014
2214
4757
3017
4325
4593
1500
3140
1234
2319
3541
734
2500
2738
3694
1860
654
1012
3915
4708
1648
3553
1360
289
3075
4306
2051
504
3882
1715
1664
798
4896
2738
3086
1756
4476
3786
982
3112
1161
2844
1612
153
154
1129
3143
3222
35
2991
1714
1828
770
1621
93
1595
2348
4388
1749
2291
940
4764
4247
968
4951
3152
381
3711
4859
455
4559
2580
1998
712
1179
2002
4914
3249
391
3750
1942
4316
1514
2424
64
1295
2050
1142
166
4382
3209
655
3947
2111
2737
4457
3023
4690
3310
4672
2416
2315
4523
3828
2316
3069
2636
1989
3529
3117
2770
326
4315
3768
4126
3547
492
4194
4869
1272
4187
988
481
815
4787
2641
3064
709
611
741
901
914
2974
91
3973
3252
4993
1537
1140
4135
1114
3634
1054
867
2224
3080
297
2001
4957
315
2607
931
2759
1787
3514
512
2118
542
1808
1480
3601
262
1574
2450
1177
3482
1625
2368
3855
1471
2359
1059
4849
2187
460
2689
4647
4319
1593
4447
2796
2630
3206
596
576
4086
2176
2141
1970
2713
886
3926
4299
4800
4269
3747
3798
1141
3444
2572
27
380
762
2950
1515
254
1243
2188
1693
1537
337
4537
1831
3775
1510
3616
4809
1792
3040
4074
3619
135
3950
227
4950
3935
2255
1730
1776
3648
4146
883
4793
4178
2111
2979
3394
1924
2836
3855
1214
2282
444
2706
3281
2593
4835
4985
3397
4431
1564
156
4211
3948
4691
3555
2374
679
3198
1122
4011
2255
1470
259
2285
3951
4443
4638
2613
3596
4350
608
3814
1334
4616
4886
2870
3712
4511
604
2593
4182
1098
3510
1792
3859
3617
2873
1502
700
3935
4087
2051
2517
4508
3718
4634
549
4603
4172
4245
8
506
4266
2536
3769
120
633
3867
3866
4161
2485
3697
66
2276
1228
3549
2617
4029
4083
4916
1507
1375
3846
589
2342
1969
4394
4525
2938
4201
2633
1920
3205
2983
1120
2833
2416
1752
1528
3067
4353
3939
2808
4712
1093
3295
131
2870
1330
2411
1347
2218
990
4856
1770
2220
3448
3681
1153
4394
601
3715
2495
2729
3662
2199
1175
325
2469
404
4527
2490
1602
4625
688
1603
4677
2472
2999
2568
4625
1542
1119
3653
4451
719
344
4108
2765
551
680
3029
4414
315
4972
36
1352
4502
4364
3968
94
440
1401
1188
224
2688
1315
1639
2652
4378
2227
1374
179
2747
3641
320
1517
4145
2587
4578
3202
3304
1891
1521
102
1415
4052
2893
1959
2105
433
4182
3998
920
1370
2766
4704
3963
2923
1869
1744
1376
3955
4844
3211
2085
1742
2689
600
3608
4767
4721
1114
2911
4510
3916
3803
594
3938
3761
3566
1524
275
2738
49
3464
1582
1251
1286
3999
1142
4292
1108
3864
4619
886
2927
4329
3330
2186
1488
1794
4225
1285
4482
2785
2813
4912
3467
4775
2402
1075
387
4898
3758
1385
3588
596
2266
383
661
4032
638
607
669
780
1216
1993
3105
66
4953
960
3994
4121
4948
4578
4686
3329
2052
2265
465
956
649
4176
2239
4687
2110
1567
4113
856
4602
1255
2338
1737
4673
1361
3829
3010
1566
2096
4229
1405
3119
3903
3920
3603
1909
4949
2097
4068
991
3541
2977
660
1386
2138
385
3544
1399
3952
1446
3040
1913
125
4809
1135
4121
2119
2330
3405
2064
3647
992
1749
2088
1547
1032
4386
1391
633
3920
4485
2657
3910
1895
2466
3818
1447
739
2689
2325
407
613
728
59
3776
509
1581
3179
645
4662
3216
4490
2691
4166
119
1720
3335
1917
1092
487
530
2735
2441
2024
2362
3903
3212
1971
4738
329
4797
1643
658
380
2420
613
441
227
4839
355
294
4207
4873
3009
4974
3259
1711
442
1896
3627
2244
3936
2941
809
4540
958
4491
725
2797
3876
680
2081
1465
4367
2459
1574
2368
2290
1934
1895
4483
2493
4016
4168
627
2520
3167
1778
832
3276
4858
2622
4621
3374
1396
1595
4481
2529
461
4198
3481
1903
3571
3245
1944
3539
4975
2984
2016
166
2698
180
1074
4621
373
61
250
3555
3887
984
3726
3624
4961
3138
229
2037
1582
2809
1068
2451
3606
4805
1435
2608
434
2161
3751
3085
265
3532
3488
574
2753
4519
3331
4998
3826
635
954
3527
1660
4768
4998
2827
952
1268
2423
3763
2108
2638
2442
4889
3376
94
2377
2611
1462
19
4009
3639
3919
1080
2333
2709
2167
1596
2359
2470
1218
1468
543
2223
4977
4095
4996
3890
2597
3054
1007
553
1788
2127
2671
1879
3400
3317
1214
2341
3916
1069
499
1046
4611
2910
553
3624
1713
2206
2285
1183
1043
3358
4549
3248
226
1217
667
4447
4706
3302
4192
389
2649
2447
918
3329
2130
3022
1718
1098
1545
4883
3440
542
1050
4732
3769
594
866
274
4895
855
2151
1083
2007
3357
4899
490
207
3375
1227
2047
472
1842
3095
1052
675
1179
4002
2741
1157
1460
272
4083
1853
4011
3791
421
3794
2560
231
3955
4321
752
3891
1017
4811
3554
3793
2869
238
1638
4582
2557
2354
1509
3978
4599
4812
1841
4131
4335
767
4074
3478
862
3078
3465
2552
1221
3854
2181
4954
2543
1152
4223
1099
1003
1236
2268
4895
526
289
16
2069
1180
418
2025
4943
3471
2034
95
2171
206
3072
3125
1246
755
389
4892
2039
153
4362
741
2977
3695
1575
4649
3755
1782
1975
2991
2322
2851
2783
536
2806
1961
2476
1955
3145
3054
524
1672
1868
400
2748
3555
2444
3020
4313
2256
3817
1819
3499
1653
1159
2290
4195
2880
4606
2444
3582
757
1236
4862
1945
2084
915
1086
2108
1670
3596
673
4739
4594
3562
4104
3927
4904
4292
4494
3380
640
210
2553
4283
2344
4353
2834
3232
1105
3345
1619
3206
4572
2523
1604
518
3895
600
825
3654
286
4717
644
2638
1487
2795
2794
4565
534
2187
4789
346
3194
1534
1646
2408
690
3298
4852
4801
904
1456
3093
3715
3544
3626
3064
935
3100
4235
1405
3470
4816
2679
1042
2950
3364
905
3731
4675
2020
123
4820
1097
3032
1848
1694
20
4832
3166
4132
930
4080
375
2168
3345
3148
4958
3719
1059
1104
1102
4678
3456
1855
958
1992
42
4382
801
1981
3787
3211
843
336
1706
831
1557
3677
1749
3350
4169
2757
2193
3631
2209
503
1284
2908
178
1789
731
896
790
4784
1792
1487
4215
385
4236
4407
791
1726
1338
3809
348
4716
4547
1436
2585
1967
4254
710
3632
1484
2127
1136
2012
2230
3592
3669
1226
4341
1126
2654
2367
192
4186
893
4140
2882
792
812
215
3920
1948
1266
1204
1774
4440
2505
2824
2313
442
2671
4310
900
3394
2398
1946
2618
3298
1002
4930
1700
3030
4887
4557
440
1794
3949
3283
3047
3819
241
972
537
1069
2849
3726
3767
3716
4067
1678
4341
327
1410
935
210
846
4102
4024
1109
2180
784
1127
1886
2511
1975
1163
1022
596
3105
4896
2300
1944
3786
2204
1924
1602
3082
2022
1998
2460
1870
2582
1913
1952
1973
3007
1410
790
1957
1089
3397
1195
906
1004
4230
526
2370
3566
4037
2445
3336
3997
820
3108
786
3977
3038
469
4177
96
2333
3067
286
1749
4472
4496
2628
403
2719
3935
1077
2595
4629
2716
284
1141
1265
311
1724
4154
1321
1623
3227
4056
4563
3411
3615
2904
497
92
1844
1041
73
4446
4422
3351
3950
509
4641
2934
2942
3300
2987
2808
2057
3169
2523
4942
731
4253
320
1547
3070
911
4088
2868
4527
2248
3100
2988
3107
4001
3548
4404
3805
2960
4620
1336
783
1258
978
3132
2379
1218
267
2461
3005
1144
1466
2060
4375
716
564
2165
4752
3033
3091
126
4010
152
3044
1643
2254
1945
1879
3534
3599
3830
3267
515
1959
675
4003
3930
4130
4413
929
126
2685
355
4109
3450
2946
4530
4459
3995
867
1202
3350
1073
4761
3046
3909
1879
2128
2249
4288
3801
3720
1979
3998
1453
755
2012
215
3747
190
1815
161
4198
982
4559
4049
3884
1904
2832
4512
890
2124
4636
3712
241
3543
2318
4361
1837
3052
11
2932
3507
4159
228
4163
1106
3222
4032
3179
4459
4291
591
1135
1499
2194
977
4586
3743
2100
1884
3688
2990
150
2237
3042
1938
289
4829
3341
616
1398
2157
4670
3904
4374
4229
484
782
4883
2621
2001
550
4535
4767
2902
3775
231
939
4123
1094
643
586
1896
1987
1285
2991
178
280
3435
3863
1757
1854
2619
4673
4682
2714
2330
1377
2710
4037
1888
982
840
4385
4116
3427
1820
287
2168
2419
408
4277
4433
365
2466
92
4669
2367
676
4624
1024
959
637
769
1797
3053
2541
4607
2926
780
741
946
4793
3903
4361
1999
4143
1640
4523
4774
1313
4244
2885
312
4417
962
1523
2903
3874
2202
1915
4541
1165
858
2969
3678
4618
3572
4195
2330
2247
3963
2981
834
2080
204
586
1084
899
3522
1041
2026
934
3137
3888
164
224
4340
1527
2038
1072
4274
3251
2900
2846
1915
1589
1793
1669
473
4518
4927
1081
3794
2354
3929
906
3305
2927
4493
197
4516
1904
3421
196
560
3066
4292
2273
4496
1226
197
3396
213
3040
1727
4342
983
757
2894
50
3586
909
2843
3031
1980
2472
1219
1356
1330
3123
1749
233
1218
117
3964
3589
1964
945
1132
1153
394
4784
2346
4129
2662
4895
2940
98
114
2836
2416
3317
4954
3257
1993
3662
2494
4299
1475
4553
3979
2154
1616
2474
826
2532
867
3799
1384
840
329
2180
740
148
1199
4203
4256
812
1447
1958
4615
1368
4580
4138
1436
1320
1613
1938
1267
2966
663
1173
1233
1512
3082
2941
4605
3785
1453
2653
1434
308
1062
334
1893
2412
4250
4470
4625
290
3930
1293
1042
4779
2934
3117
3086
1709
3651
4582
463
4143
2977
4756
2878
155
4696
38
4513
4232
2208
4691
4293
1368
2551
2802
4767
3706
92
982
2084
4565
4731
2244
2896
1899
3770
1963
1139
1333
120
2607
3616
3256
1973
826
3519
3292
3669
1832
722
853
3366
2749
677
1736
1416
4069
6
388
884
3879
1876
890
4037
3023
4492
1754
1532
3487
2727
3163
3343
1833
4799
2103
2513
3107
2056
1737
3333
2848
2699
3100
1540
3991
1694
4297
4862
1314
1215
2164
861
4565
1943
4220
1004
2105
244
581
871
820
2374
2636
109
39
3267
3182
1847
1900
4349
4029
1308
1401
4441
768
2069
1606
1916
2990
2068
598
1854
399
3282
4325
1584
3007
4189
2895
3465
1360
2456
761
1284
843
4532
2574
4821
4658
1397
1848
2243
3709
1431
1577
3664
1407
3743
3708
3322
4772
1814
653
4382
2417
2088
4058
1171
4696
2723
2333
1945
1911
3539
1327
581
1060
3066
2018
3244
2639
629
4570
3348
724
1393
2634
1498
155
3908
2503
4774
2990
4793
4627
4292
3094
1035
4256
3123
2619
4522
3918
3984
3222
2404
747
1397
3956
1458
4414
1162
4489
2851
4744
965
3390
2791
1040
3038
66
3121
3762
875
3056
4319
2267
4219
282
782
3
1510
4354
4575
1031
1193
4577
686
2954
3096
3838
3729
4559
2731
2572
4869
1582
707
840
1475
4656
1494
3910
3298
745
2309
4255
3623
1410
1591
1577
223
1623
2095
3379
2685
611
2177
1083
926
4374
3754
4527
3633
3265
3596
1860
3677
110
240
3854
2075
4950
1854
2004
3363
1144
976
3719
994
723
3118
3567
1704
1985
474
1234
4000
1600
4859
1242
232
4661
4719
2490
3144
2863
3473
1621
3376
2726
4514
1586
1874
1774
1803
448
4495
2932
4841
2482
1110
939
1457
536
1846
2003
1195
4738
2108
2919
508
2449
3640
474
3243
4323
1122
2390
605
3138
3994
3912
2339
2499
1285
763
1729
1454
3947
3767
282
1543
1101
1398
2383
2535
309
4435
374
1559
454
4335
591
2763
4122
2257
2026
551
4001
881
1140
4345
655
4698
1033
362
3959
4650
1459
442
2515
4311
4160
271
1318
3319
1417
3858
632
4924
1055
1238
784
90
737
3853
401
4607
2240
4049
323
1958
2139
1300
1954
2447
246
4469
380
1254
677
4152
3283
503
679
368
426
555
2726
3043
1605
3354
2730
2266
4105
3533
2525
1148
1010
4502
2113
3694
3219
855
4094
3473
312
2403
2912
4919
688
1869
3772
2539
1318
283
131
3117
2503
718
2072
1527
2590
1385
4699
1512
1770
468
1032
1922
3449
556
345
1561
262
3688
192
3570
4493
1738
4433
1165
1392
248
3364
2505
994
503
3512
2587
224
1211
675
1531
2624
4885
4662
923
3681
4026
1557
3836
4458
2291
1437
2110
1398
3350
1573
1172
733
1169
879
3338
4015
3886
152
813
4257
4759
4835
373
577
919
3956
4473
1990
1603
2503
4943
1081
843
1697
2222
2408
441
439
586
1953
3045
2851
4563
2516
4738
421
2371
2225
2369
909
3970
176
2360
4310
2512
3439
38
3598
3094
4046
1566
3771
1433
2934
1997
1120
1596
4736
2401
1380
3680
4531
1865
1451
419
4365
2043
3238
4251
2250
62
1846
3117
3138
1196
4230
359
4021
155
3022
3694
4394
2593
2124
596
21
2130
1813
4441
1142
336
4297
2653
166
4357
3044
2640
4285
3087
2912
2942
4479
2888
3904
1282
1917
1065
2072
4990
1423
4643
2528
188
4495
1778
4463
245
313
2399
3740
4219
4254
2272
4864
1420
4736
1854
3079
390
2512
3538
4926
2161
4291
3900
4230
366
2795
1298
1830
442
113
3074
2975
3822
3569
3964
688
2999
2606
1479
434
4829
4044
2199
3710
1690
2316
2127
2659
2576
2026
600
4772
1223
2186
4302
4989
771
3969
4123
693
3302
1568
4467
4007
2935
2099
124
3308
4006
3600
1055
1883
2002
3483
2743
2792
769
1094
1749
3626
4652
2798
2934
3293
4621
1921
1498
3488
2654
1027
4353
3946
3439
2079
507
4462
1778
2283
156
4789
599
1068
1539
1410
3727
3360
4022
2392
1832
4347
148
1224
2388
4433
4558
2855
4446
2811
2059
3156
4410
4796
3854
4263
544
4371
2182
4205
997
1555
50
2184
4765
3173
4031
1740
1913
2799
1015
4244
3328
3150
4759
450
1086
3079
3902
4933
190
2748
3605
2317
2653
2290
464
722
461
2142
4503
4106
2562
4288
761
2610
3373
1047
342
3164
1602
956
4942
3918
4792
507
2059
2795
4588
916
1553
1643
3970
104
4310
2742
4554
1775
3977
309
1515
2070
4651
3121
1246
1157
2396
1405
3098
3999
4668
2246
487
2403
2096
3932
561
327
228
2504
955
1140
451
3285
1493
4332
4960
4779
2084
1760
2527
4966
4141
86
4678
117
2029
4512
3642
4391
3104
4328
4679
2224
3804
1519
855
992
1249
1053
806
2813
3479
2818
2360
359
1972
579
407
2257
2273
3416
4685
440
2408
1595
1563
2283
4044
3043
1204
1450
2428
2478
193
3940
2637
3277
2105
2328
4355
4553
92
3997
1596
427
556
4989
1482
3409
465
2484
2467
1661
4120
1358
1951
4895
3719
2734
3157
2995
2079
2324
4169
2205
3982
1182
2606
2089
3649
3735
988
2495
2370
868
126
4483
4612
2075
1747
3595
2888
207
2151
3041
106
1894
1278
432
4973
3483
556
156
2728
4263
4388
2970
164
4259
4611
1230
3026
3592
3903
2852
1526
4911
1369
2926
4634
669
484
2788
1752
4374
4770
1745
57
755
1658
2842
155
1126
2399
2313
1065
953
1992
992
4709
2158
1903
2498
1755
361
2057
4835
298
1682
2697
2119
3548
895
2577
1952
87
2094
1510
3769
3847
416
4966
4639
1650
3833
1273
3848
4424
1404
4553
3347
4901
4172
3680
4679
4597
229
1197
848
1171
3792
3762
1307
1405
813
644
1043
4783
1619
2392
1092
162
2571
2823
541
145
4307
2373
2803
3568
2542
4300
1264
4154
3880
128
2666
3501
2296
4895
3631
3956
1046
1087
871
2457
3699
4555
2858
1300
3064
3372
3480
3693
2687
2336
1943
4442
2142
1497
3079
2141
3930
2740
4162
2526
4359
1573
4567
344
3781
268
1773
3250
87
4574
388
2780
270
3034
2592
932
3690
3581
823
1244
912
21
1217
1130
2158
2743
4640
1356
3891
4110
1541
3957
213
961
1625
1785
730
4263
4061
289
3624
3145
913
1603
1448
2988
345
1633
3084
4809
3926
860
610
315
224
2260
3088
2629
193
927
3311
157
3317
3797
4605
2337
3030
4131
370
860
3147
1436
3220
3253
2456
1016
2710
2973
1913
3175
1963
299
17
2687
3776
3869
3639
4222
2224
4725
1239
788
3937
1454
1655
4391
4875
2529
2584
4653
4505
4784
4812
3904
3424
2878
1759
489
2748
986
4005
868
1410
2142
4811
4627
32
4368
1498
161
425
1244
2886
1750
2197
580
302
2330
860
3005
2971
728
915
311
2075
1624
4055
1088
143
2313
2359
3966
448
889
3030
4752
1601
3362
3717
1071
1558
4548
2552
2854
1682
57
1447
891
4606
96
1796
2649
2421
3153
1196
2811
724
3890
1126
4039
711
2668
2929
4333
2287
1901
4947
4755
1487
1122
3747
415
3166
2505
4328
4495
2623
1425
3506
2976
4851
318
4166
3817
3425
2285
4440
931
635
88
1329
183
3042
790
3519
2956
348
1914
3180
4140
1449
3638
2518
3618
414
469
4909
4963
2824
4914
388
2766
4866
3488
2191
4440
746
3334
875
3792
1749
1134
1915
4620
755
2531
246
1727
2109
2789
2237
4415
1803
1667
3386
367
4226
267
69
2366
2610
2512
3960
4505
3950
4217
74
172
3245
3970
529
1008
3005
1722
4808
4418
1583
4728
4128
3920
1437
4586
1363
1313
3792
467
4083
2015
1303
2632
4321
771
1785
1384
4450
3078
3539
22
260
3392
1342
4028
1318
551
119
2373
445
4556
4890
1127
1371
1053
3577
652
1889
3619
1973
140
1414
3577
1592
3320
1248
3544
4801
4125
2702
376
4614
4994
4264
3327
3832
1328
4046
4831
3080
3670
1790
3896
4000
606
3865
4410
2604
3512
4429
3092
1734
272
533
4006
2209
4478
1939
983
2462
1555
3288
1436
658
1131
3979
3854
4809
1619
2237
1943
1131
3927
3206
1640
4084
1944
3072
1050
1826
1489
1504
4847
1607
1797
2269
1900
2590
3215
289
2614
4691
2294
708
4613
3123
234
680
113
4523
2735
4824
4160
3420
1749
2081
2194
2563
3465
1826
4617
3823
