3668
4455
2090
5602
5631
5019
8224
6567
5738
4517
900
6291
6189
5772
2876
1630
8385
4357
140
1099
193
1094
2216
8026
941
2738
2896
4220
4356
7773
8441
375
7192
5393
6512
6566
6544
4129
7822
1646
2270
6015
3223
2982
5022
5521
1364
5141
7612
7917
5621
5637
2122
1421
2612
1946
7926
1650
2008
5182
7040
5588
1285
7804
4059
8399
2929
1143
5198
982
3300
2212
2101
4829
5649
7456
6418
7827
6054
6360
4335
4686
5411
72
3854
461
3626
387
7401
2823
4958
1157
3327
1362
1677
3675
4112
1392
6544
7487
6853
8347
592
3196
5396
6460
7683
1441
2443
2241
7034
1351
3135
4331
53
6710
1692
2455
7503
3456
5028
2427
5101
2997
6919
6450
6490
6643
8127
5800
4470
6342
2912
3507
804
3092
525
7138
8117
7242
5669
5220
4963
4670
2654
5210
4675
6229
5582
7039
1459
7443
6653
4905
193
7971
7526
7336
3206
4373
7196
6711
2902
8454
2924
391
7017
3646
6914
5160
4341
6325
5246
5399
4947
6188
3378
4506
2898
7217
4529
4900
1971
7426
6907
7905
6723
5450
3816
1193
8038
6061
4363
5957
2336
7653
3673
4302
8139
8439
6598
2311
1889
3569
4288
8063
7172
5775
1477
2771
8081
1496
5020
654
7089
6018
3114
154
5790
3166
2922
2785
4885
6838
2444
6770
4889
6354
1282
4101
3462
2446
7789
5257
7321
6055
3727
3735
7400
2933
6165
7689
1276
4628
441
2527
1054
5258
478
4222
7987
6512
7188
427
1561
6958
3304
4202
4344
2550
156
1135
370
1929
2431
8075
2396
3497
1092
352
3401
2967
2449
72
5928
4024
5001
1340
637
48
3511
7020
437
2090
2630
1364
2929
3039
2721
1765
954
2819
6798
6009
6339
306
2928
1394
6354
4950
299
466
232
1992
1266
396
7108
1888
6251
1779
8136
6882
7709
896
7097
7794
4711
1163
7809
7450
2457
4207
4242
3028
26
8475
1904
6414
7549
6776
1164
650
6504
8028
5825
3178
2846
161
2225
3901
7600
3904
6778
4069
1357
3210
4786
5616
2904
2789
224
11
2519
1580
4284
3542
7354
844
8311
3785
6408
6319
2081
3349
42
8002
3820
5627
2667
7347
4006
5098
2988
3618
7058
6952
1578
3406
5556
1166
6676
2413
5988
4773
2811
5260
5881
2934
4094
6912
127
3919
8483
633
1289
532
4318
3353
4941
4048
5279
2639
7936
4883
1346
2674
3622
4765
6332
5272
4440
7970
1525
4240
3035
3330
2450
4963
6852
5761
867
5444
4207
135
2145
1100
3093
1054
6427
7177
2776
2416
5836
3539
5246
7293
1371
404
3512
98
2935
2436
1401
6392
4356
8493
1394
6732
4550
2749
6838
6062
4357
3424
2496
1398
7486
3710
3633
7831
6878
5597
64
2813
1089
8016
6304
1687
4135
6246
1046
280
2339
4254
6763
5370
5496
6825
5629
5756
1685
875
7314
110
2468
4795
3955
3480
6795
2161
5412
2712
3603
7898
7855
2513
471
2390
3187
4045
1509
1155
3830
4095
1288
3434
915
6886
3371
5795
4932
2130
3569
4151
760
6799
4887
6062
2562
7709
598
5055
1850
2116
8122
6087
4203
7605
1872
6341
5370
2191
8171
2497
813
6795
7215
6460
3841
6843
490
104
5359
7233
7512
6930
3193
7719
3071
4764
4282
6685
2045
5062
6295
6787
5182
788
1742
4545
5633
2050
7253
2974
4174
7076
1239
3899
5494
7585
836
4125
3876
1472
5862
5986
981
800
7164
8342
3783
594
5587
6099
2238
2253
7412
4849
6812
5715
7938
3609
7251
2235
3989
4964
1057
209
6668
1809
1607
7935
6996
6333
7018
490
5669
3301
1361
6426
7754
742
7556
2255
7161
652
4635
6971
4861
3827
6199
6817
2336
3524
5773
1865
3698
7876
3117
4880
4052
3535
4973
7135
6501
1874
1312
438
2551
1258
3306
2262
5550
817
4650
780
2831
7444
7191
7978
6280
3172
5076
3169
377
887
1027
2597
2302
3087
1709
5116
2838
97
3156
3745
5392
1792
5314
3833
5442
1421
734
7458
6805
338
2081
4180
4831
2463
7847
7417
8308
6553
4339
225
3251
482
4241
7957
4144
5947
1171
5485
1928
7801
3169
7954
5329
5915
7711
5919
7845
6561
1187
7404
6782
2934
6816
2724
4764
8268
4633
6820
4134
1296
4763
965
338
4217
5327
59
5893
6239
7476
1792
5248
2969
5254
1292
323
7720
8268
3151
3391
8467
651
622
3597
6611
6724
7027
3533
5756
8322
7323
4508
799
1514
1566
3328
8316
7782
1681
1675
8199
2796
1281
7388
5246
5181
1420
1046
7366
3972
6330
6989
8475
1521
7758
1675
1279
1188
4826
4312
5155
6735
8474
2574
6997
5745
1947
360
7386
6228
665
878
1572
4318
2523
7402
4840
3900
2711
3778
969
8136
2555
4171
3177
7557
4810
3659
3329
3977
6417
6003
1749
1087
4252
2466
4783
1651
6613
1818
5132
2635
2857
1464
7509
5595
8035
716
643
4365
5363
24
6526
6200
1555
8034
4000
2496
7068
5497
7126
447
1423
4787
2390
2962
2035
5527
5595
5950
7052
2237
702
3082
2963
6536
5658
6511
1632
5864
2222
5379
2562
6120
7720
3303
2577
1412
6114
5344
7678
5018
2037
1273
8140
972
1977
3156
862
3526
515
7914
1983
8363
2124
589
3317
979
5243
6189
331
5923
2783
3735
4478
2101
6755
746
7746
6873
6369
6191
5122
585
6074
4576
8245
8186
2247
1313
2761
273
2270
6101
778
3762
1821
1904
3397
8131
5833
3650
7115
5873
2828
1199
557
3823
5403
4717
3537
7483
1346
1436
2026
8303
5189
4036
1190
341
3952
766
4968
6916
5245
2113
858
6703
1738
4056
958
2232
6303
6665
3565
2350
8481
7380
6885
4139
3873
6871
8479
5029
7788
5795
2829
6575
6123
732
1850
6121
7812
2833
4296
1530
4311
2166
7075
5091
1228
843
6871
812
433
124
944
649
1472
6091
6368
4824
4856
1773
5803
7819
8477
2228
3682
6050
5703
794
4177
4558
118
8364
323
4611
4252
38
3480
3492
5136
4115
2666
3014
6460
925
3649
6600
3699
3051
2928
3710
2544
75
6878
7312
4783
3027
2815
6935
7993
2747
4345
2351
1092
1734
4754
4444
716
4571
3598
3747
5237
3779
2282
7663
3999
5996
8376
7334
2504
4924
4347
8478
6918
6428
5111
6302
2259
2200
3115
8422
857
554
2983
2114
2092
5959
6413
5724
3908
5605
712
7612
4129
951
8291
7081
4630
1342
1332
5502
2221
8250
4500
2891
852
2321
4799
779
445
5236
3942
7020
7020
1377
2142
41
7399
6079
2368
3411
6011
5374
5159
7426
4449
7171
6849
5520
5501
5951
133
114
2142
5174
1286
6546
6704
8054
3170
1408
5300
3238
2844
1048
2873
6888
5907
7750
5736
6843
3063
3338
2149
5316
7354
2727
6553
4423
1391
2751
93
4903
5984
1980
6801
4342
1775
4822
6918
3990
4871
2481
8413
1238
1668
2190
3448
4721
5417
7059
8457
7585
2507
3192
8375
1159
958
2122
8485
1484
1211
1606
3409
261
7893
5433
2176
1068
6074
827
292
782
2747
5183
2389
64
5116
2211
7786
7986
381
8421
8284
5967
7002
962
5008
272
4366
7926
6849
1440
4200
1110
2921
6537
8135
1541
6264
566
5751
1418
6240
6093
8057
6483
453
1144
4391
1635
3410
3407
6834
3020
4254
2072
2289
1199
6336
3631
8171
3749
5704
4209
3402
470
441
2441
1883
5260
6773
4234
2334
1155
5758
4981
8393
4440
5636
478
8201
7365
52
4261
7206
1736
4882
7232
137
5096
4667
7764
1820
6389
7755
6834
7029
6346
6394
6379
6340
4622
7179
2375
6358
4164
1752
7236
6280
3585
7145
7379
42
1309
3485
8484
6773
6153
5862
4291
4728
8492
2614
938
5042
6743
1618
5467
265
7795
2571
3952
7746
5415
1261
1410
5497
4668
7832
7070
1322
1570
7627
229
2794
5199
1599
5532
732
3487
4336
8390
6355
915
5412
3458
6857
7411
2604
8224
7610
1580
7993
5867
391
7547
2240
1477
5586
3796
2521
1264
1350
478
7803
3274
6193
6844
5004
520
5138
4278
2873
6815
5871
4038
1305
3184
7908
774
3195
1946
6492
1014
1138
1029
2524
7754
7060
22
1677
7130
1231
6730
1693
7671
2681
1869
5523
724
5904
1653
6980
7521
5441
5360
274
7552
6505
3159
8291
4249
4601
5867
1383
1664
3636
2142
2104
8195
7457
5735
5454
5917
4535
3056
6314
6387
7736
1966
129
54
8493
6783
3614
530
100
7723
2970
5793
2641
7428
5203
4103
3279
4993
3627
7091
4935
505
6932
1080
730
2666
5653
7474
5376
6337
4666
4328
2029
2950
3441
7214
7513
7017
387
6599
7437
4014
8157
3010
576
6382
860
763
2697
7139
161
5246
6613
920
2111
8343
1357
3946
6218
1712
6286
4582
6264
8344
3285
4667
7088
3420
7295
1404
2980
2925
2925
7169
4597
3823
1090
8282
3017
7481
3034
1269
6223
7661
1644
3224
2019
7301
840
1924
5033
3496
2041
50
421
6812
7758
7759
5906
7725
3208
2015
1004
5329
5872
1058
7248
1270
8412
1380
1298
732
7175
911
2886
1393
3679
1004
3620
7154
7664
4470
6523
2181
6322
8278
4257
6764
6012
4532
1847
3873
8430
8292
1007
2317
4386
5202
1136
7257
5165
7476
2977
1530
3484
7013
1074
2345
5546
3426
3527
667
1484
4453
3306
1223
1312
4370
5775
5644
8449
6784
5384
2407
3143
5564
423
2662
3287
5690
2108
6380
4521
837
2059
5789
2317
5564
3272
7573
7070
6246
2531
7198
1422
4366
223
583
5508
6086
7847
1288
4071
8110
4547
5099
4862
3822
1953
1464
846
2701
631
854
824
7680
3923
4259
8430
5726
3498
8302
1042
5246
1525
4003
3332
7432
1674
6936
1056
8401
7930
4064
3211
7979
2225
7686
3984
2096
3836
8043
2548
4866
2971
8235
6603
1180
4622
5650
3010
7981
3289
5068
5778
1328
521
7704
7291
1611
4567
6443
5954
5696
2188
7291
4309
1533
1799
255
5772
5963
8017
5631
3197
4016
3639
2516
6665
3694
7823
4831
367
4964
1390
4777
8270
6016
1686
4964
7559
1287
8343
6211
1645
8082
2532
2323
1684
602
3827
666
2574
7646
4211
7135
3749
4028
1467
5588
4787
6102
775
6370
7183
535
7483
4512
331
244
4684
1171
8199
1908
2344
872
2254
4304
2034
5198
4662
8492
3226
7048
2850
402
2420
7777
7971
6187
1863
7676
111
3155
6509
5547
7726
435
7826
5478
3664
5645
1441
7700
2329
7699
1971
3263
7015
3778
7015
4370
5797
2105
941
8140
5597
5579
452
7147
6736
8442
8242
4819
6071
7230
3863
6106
3942
3018
2229
7041
6449
1410
2946
385
1371
4026
1533
8251
6826
3147
3019
2705
198
608
8066
3919
342
2793
7480
6719
2104
2511
6534
6845
4758
5543
6437
4438
1769
6378
5354
1741
3947
4853
3697
1488
6350
4455
6432
1373
2859
3036
1949
6280
357
3597
1063
900
7869
5555
5807
7383
427
756
4562
7099
6297
3289
888
2693
2276
5893
7019
5512
5057
4679
1378
4702
3689
637
3185
7672
1644
4225
4482
4083
1221
7321
6567
5096
7071
2110
2222
368
1133
8280
7762
6728
7150
5658
488
4630
3795
133
5714
7345
3455
4208
2412
8263
8030
1592
2349
644
2247
6001
1821
5006
6019
5014
2901
1130
5674
613
4465
8038
253
4815
1758
3953
355
3743
2828
5936
3130
3257
6861
8357
3593
5267
6728
6863
2515
1328
5254
2090
8143
7605
715
1877
491
2138
5171
914
1008
4517
2279
8253
3872
1174
4290
6189
5299
6859
992
2905
5472
3290
102
3742
1164
4889
2277
3238
4209
3462
1622
6457
6373
6793
1887
5188
4409
5148
2663
4745
1937
4782
6820
4873
262
7387
1094
3245
2631
5224
4317
1307
6279
6154
4480
1296
6019
890
5620
3368
2168
6564
1479
4206
123
6084
1730
5475
61
3111
7243
938
6071
3143
465
5026
7643
6268
5578
7483
4490
1570
6027
5039
6669
3743
8326
4401
3482
5661
5673
797
5935
104
6291
812
5827
6947
487
3782
8318
7642
6886
2405
3472
6485
5158
1000
1834
2451
154
1302
4148
1611
1345
8409
1470
3175
4630
4960
4746
6367
1758
841
12
5429
4061
1087
1688
406
8419
2480
7670
3650
5168
3455
864
7936
4418
6622
4533
362
2978
3719
7213
1289
1652
8397
3548
1000
579
1414
510
8459
882
1991
7133
991
6792
3844
3371
1176
5626
3527
3594
7808
1044
4088
893
863
890
5914
7366
5512
1179
4544
1278
3876
5151
3559
5625
4101
1293
7429
262
342
1099
4117
4227
6558
6018
7819
6119
4950
4147
6813
7293
2465
5416
922
6501
7855
1289
7446
7185
8018
7195
653
4150
3761
7230
1643
2283
4974
583
2961
1450
7780
8313
1873
3238
1814
90
6346
6944
5280
2610
5623
8314
688
6263
1511
3535
6820
208
7312
2344
4154
219
2525
7565
2840
651
3517
911
4860
4255
2329
7999
305
4025
8137
3457
504
4779
1799
8338
7129
1584
3313
4476
6524
2953
2987
7531
7849
7558
2890
6241
4038
8431
1620
4540
25
1404
1548
6232
1573
8284
4037
6048
2240
2095
3147
1449
314
107
7162
1202
322
2901
7115
4104
5540
602
2593
982
7907
5260
4353
7618
3824
6504
583
2258
1191
5365
6446
8473
1307
574
7742
5817
2186
6606
3264
1814
7898
8421
978
7407
2251
536
7553
554
4713
5386
4257
6675
2538
5701
5545
6005
5146
528
4065
2579
4759
4619
6993
7369
4092
8113
2559
2323
3954
5915
3288
7896
4187
5093
383
7613
7183
4630
687
3586
1080
4941
6048
3966
7049
3366
7042
5646
2975
4028
6210
4159
825
961
5118
6513
3806
4593
4836
4513
1853
2185
4391
4147
4141
2283
6418
4073
1387
6746
4469
3755
7310
5307
1353
4327
2845
2735
420
3707
7851
841
5147
2967
3592
5336
1542
3781
3652
4022
5006
3479
1163
7496
5669
1358
4644
467
4014
853
6151
2624
1223
1222
5797
6332
7817
3827
4418
6667
575
7242
5763
781
1976
1782
4077
5507
6903
4256
4835
3320
196
4717
2479
3314
3194
1423
6389
3681
7707
4179
3062
1434
1052
5951
4031
3748
2943
4829
1415
1798
7547
7944
629
4533
7687
1776
2983
291
3470
4884
1061
2703
2091
2224
230
8264
4149
5199
1090
5212
6046
7043
7797
5901
8390
7678
3771
467
4843
3533
3905
4125
2839
3553
4771
1362
4027
3077
3592
6396
791
467
5736
5531
8326
3083
6172
7281
4356
5617
5361
1642
5703
2895
1351
4448
4955
3639
4425
5957
7970
5384
1771
7636
5041
25
4020
4006
1653
3730
966
7765
4018
6194
666
1760
598
6298
2057
994
2933
1824
5005
8106
7596
4057
6801
1512
5857
8253
1554
262
4027
1261
2491
946
4643
3163
832
1995
8135
2118
1933
3419
359
2269
8445
3915
6010
2709
1816
5402
5854
4775
414
8409
8056
6501
8339
2216
914
1105
4644
6030
3979
8300
5558
7595
8479
5932
5395
5900
3188
7897
1182
1021
2481
1659
3860
4402
7318
8413
4789
2247
929
8283
7648
7673
6656
4145
2745
6270
6811
7119
1313
7334
5329
6941
7743
7104
1483
6364
2517
4952
413
7688
7425
7163
4822
8250
3887
3498
8083
8301
2414
5985
2095
6628
264
1231
7394
3291
7542
7222
564
7291
6015
1068
2997
6697
2876
81
7280
3683
8470
4345
7609
386
4769
7954
6956
1164
8439
7379
3456
3865
2525
4749
576
5206
3472
3551
6313
1562
2867
4861
4705
7116
5796
369
5432
2871
7194
1181
3150
5729
1395
8057
997
4455
236
1914
4321
7753
910
1026
7321
5122
6514
2038
3492
3072
6142
3049
6710
4430
2095
4338
4394
132
5935
6813
3798
1571
1788
2897
1817
7929
6899
4406
868
5971
7163
5710
1199
4035
42
5117
5295
1595
5935
5005
4847
7579
7445
7961
4012
3956
1275
4102
4987
925
7097
7225
4749
5286
6980
4124
2325
1500
6902
1879
3086
5683
4949
4927
1855
3957
5950
3505
7946
3772
1786
2966
3073
1611
2641
172
1680
3143
7003
2717
6995
7039
3116
7951
7103
7715
1891
6799
214
286
2308
840
2372
1766
4452
800
4637
466
6190
1771
3688
5270
5587
6448
2638
7004
3342
7212
5
3439
4678
2526
4336
6684
3790
4621
740
386
6040
1961
8303
7455
2753
6556
2841
7969
3121
1302
4781
4891
2810
2761
2720
3523
6152
8247
7765
4770
7488
3422
4671
6832
3593
6706
3580
330
8005
4069
8175
6455
4293
2683
5834
4058
7069
6821
7070
318
2823
7341
5463
5899
3638
5477
139
6429
5215
2481
684
2504
3339
6930
399
7739
6084
4660
2405
7935
3023
6320
7092
3383
527
2332
1581
4948
7549
1226
3210
4443
5619
5787
2183
1492
95
6157
7835
6772
3600
311
6853
7303
8180
4645
3628
1099
3443
4564
2817
2972
3007
6815
8340
3273
4709
5201
758
5149
6516
2383
4149
955
6073
8403
6173
3184
5499
439
4412
6690
1800
991
1150
8251
5038
8045
6767
4152
1337
496
3341
6468
7333
2336
1330
6017
3032
6822
2035
3917
177
5412
2704
7279
6764
3623
1397
892
3404
1269
2800
6493
7143
4593
6473
880
5321
176
4923
239
766
4853
3705
6986
226
7761
2754
5343
916
4830
7241
4500
5122
6557
5502
2357
7137
4779
7426
3376
1217
5965
1698
1008
469
6480
2755
6497
7173
7452
3572
111
2104
1130
8001
8445
4556
1397
7853
4816
8173
4777
5588
1749
6371
182
8180
1159
1992
2464
6298
2404
2350
1545
8275
4372
7949
2917
596
931
2782
7079
5099
1380
3261
5620
4053
4070
1917
7715
4110
5183
6522
3660
6868
2637
1366
1691
8137
1688
3628
3898
6263
7420
4863
4211
4901
1263
4452
3451
6392
1938
4316
6151
6364
2070
5089
6518
7889
513
820
7825
982
4437
8139
3763
6681
6144
7340
2420
8457
6221
7466
6312
6502
2783
5928
4542
4600
1931
626
2751
5759
2398
4868
238
2253
1214
114
7817
6529
6238
5852
6410
2368
8276
2594
2385
5687
3178
4266
769
817
3029
6134
819
7991
6070
6142
2893
4574
5052
8154
6309
4077
2211
3969
962
6468
4847
8234
2292
1952
5304
6780
3129
5913
210
4461
8443
2242
4330
8419
5046
7777
6940
4919
4258
683
5981
3804
7258
4806
5340
1733
3652
3553
7960
6706
1417
8213
2049
7781
7925
2088
3152
8041
1952
6844
634
2200
5080
1834
1053
6179
3199
5967
2034
1838
3677
1432
7511
1454
24
525
8241
3886
7368
7537
4022
4025
5521
807
8181
6121
6080
1551
582
6288
5354
3141
3993
581
3024
4738
3839
758
3964
3777
5656
87
1386
6442
1994
1912
4811
709
2070
4538
4490
2700
5605
830
6472
5926
4421
1472
1022
4983
2290
4878
6931
5709
2158
6178
2049
7252
948
6460
7458
6819
4249
5089
8246
6867
3048
4630
6186
8042
5236
5721
6541
4545
993
2751
3173
2522
7451
6630
3907
3374
2303
5806
2194
6447
297
7183
6412
1586
4252
4701
4219
8096
1081
5225
4992
3458
734
1660
2775
8359
617
3503
686
5657
3982
6389
904
2077
8323
2041
294
7697
4659
2987
5133
2108
1110
4030
3784
4973
2534
8378
1108
6548
4941
3787
2017
6727
2987
7470
541
360
2911
7291
3913
7032
5851
365
3344
268
4955
6135
2483
2672
996
540
2083
1087
1314
7209
1123
1505
2591
5754
5357
8260
240
5426
5864
1473
6053
6821
1852
5394
6245
2562
4297
4763
2845
4526
3075
6297
3285
356
591
4927
6135
2994
8088
6740
5415
7576
4745
4387
8343
3268
6067
5043
7182
4443
1475
654
4178
3804
888
1268
204
3111
6451
7192
7040
3044
7764
2603
3613
1325
5582
7762
255
2034
3368
7304
520
7353
7963
6569
1598
5534
2764
6665
6171
4994
2178
672
3439
3647
3773
2226
975
1935
126
7424
4291
3647
4647
7051
6137
7666
8039
5953
746
8445
5811
1838
2402
8438
1236
1727
4180
8104
4297
7271
5360
2690
6558
7864
4752
1254
1291
1157
2962
374
1518
6062
4704
387
4808
8308
1011
5531
3615
2492
4578
7985
3129
2902
5875
7443
5069
2731
1800
7368
1051
4296
2528
5252
4898
2702
4569
6585
8142
5816
5705
7791
7397
8136
2269
6269
5527
7135
4910
639
6589
7386
5444
3148
2206
3129
6422
1337
4806
8468
3055
27
7196
6021
2343
7199
6463
5746
3133
4865
4466
4136
6525
3280
6540
421
7267
4335
40
7367
2178
3571
7662
1397
3644
5709
5182
4675
4455
1636
1670
6538
7257
7506
6658
5469
8361
7040
5849
8260
4677
4628
2723
7232
5529
1822
3930
6096
2542
5379
7367
2772
6012
7110
3245
719
6417
1680
45
5899
2975
2932
4761
5152
4242
2860
815
5889
1259
2387
727
2280
2217
5896
6729
1517
5289
1856
1856
3783
6537
4812
8496
5491
5823
694
5283
1606
2881
5818
3164
2001
2772
2004
5592
4199
2013
1857
6329
7988
5748
5292
7697
3994
2529
592
1401
6306
826
5584
7341
188
25
5954
6247
3495
5479
3336
2887
896
6370
4897
305
6514
2301
1825
7987
792
4123
6697
2386
5102
4280
8398
7552
5426
4704
8180
7413
2159
4462
5226
2211
4117
2315
6577
5732
8336
4464
867
7186
4226
2461
8475
2321
4509
4731
4351
1001
5421
2016
2476
7036
5360
7436
7610
4888
523
520
4104
698
2405
1955
2748
2894
2236
5872
6385
643
4119
4211
5029
4339
3092
1621
358
4
2014
4180
1981
7431
27
2572
2035
941
8481
3487
7279
5868
663
6251
5888
8284
4115
2065
6996
2467
5522
6671
3935
3044
7204
999
7927
4639
5758
4892
5600
4663
2090
2327
88
4580
1542
1930
416
8019
1074
5609
4262
5357
5556
526
6097
2804
25
3622
4822
5173
1203
4594
2082
3639
6689
6789
3432
7350
4852
6416
3072
4868
6816
7644
6507
4004
8310
5532
3213
4885
530
2622
2051
4534
1703
7568
1157
8492
5908
6192
6340
8441
4323
7679
7705
2192
5521
7915
5250
2131
7770
6190
191
7776
6589
2076
6375
7889
3743
3400
2893
3499
4841
711
1698
4344
7233
6071
6026
6321
4388
1854
6024
2019
5622
3656
4570
3572
37
1107
6274
3834
4451
5438
3539
4656
4976
6565
4096
2637
6185
7959
3048
7880
2276
4283
3298
18
5060
6661
6439
7660
5059
5305
7622
2830
2719
6773
5924
93
1331
680
779
5104
5781
3704
4846
1006
6993
7445
3562
3688
1420
5276
2570
3186
1846
5571
1952
5877
1233
1407
836
7471
148
524
3968
7467
6876
4384
5812
2656
3551
6351
8075
5997
4654
8443
7578
7183
3421
2580
6336
7755
6387
3989
6156
3340
8300
1349
23
6780
7672
3805
2394
1747
2928
2259
1516
4069
6703
6603
7584
1662
3435
2874
7615
4832
4912
4052
6877
3096
6299
5996
702
653
1304
2708
7144
766
7573
4159
5840
5316
6277
2154
7355
4165
521
8114
6922
6600
5546
331
294
3365
558
5303
4218
4490
49
711
1142
1479
3280
5499
8418
6015
6765
5258
816
860
1525
2996
2751
477
8115
440
7325
1083
4619
4121
1828
8141
4331
6808
5397
1534
7221
4662
3125
1994
3942
4072
605
4838
7027
749
7234
1228
4219
3099
7247
4286
2821
6949
1099
4402
260
2909
5082
3179
4172
4269
8324
2984
3868
2862
7464
5934
6214
8405
2844
5949
1943
5946
4615
3295
3493
7876
1183
6349
739
6726
5157
8308
3740
3156
3817
4167
1943
7142
3136
5548
7055
5438
2502
4708
4075
3361
6674
3347
3221
1746
7858
5558
1544
6339
2086
3040
6501
5590
4760
5778
5379
2909
3966
4870
4155
475
493
233
7895
7206
5910
2405
7809
7774
3907
2338
7957
5744
1244
6451
2269
536
4688
3794
4561
1349
6152
568
2927
4478
8094
4778
5804
7990
2954
4844
565
6297
7146
3492
121
3691
5001
7668
2096
6755
3883
5294
3214
1112
4359
4668
3710
908
5366
3296
2850
2641
3991
2906
2356
2672
7401
4445
4906
402
869
1822
4206
5687
5833
87
8354
7751
5643
6756
1896
7036
4586
7126
742
4301
688
7004
7476
2544
3947
5885
5115
5098
7713
5364
3295
621
1720
3781
6224
929
844
5944
3683
3468
5310
1406
4848
1255
6841
7092
8496
1565
8075
4737
6660
3254
4233
5249
2109
1302
8256
7988
415
3510
902
5829
3440
8348
5552
4743
6068
3918
54
514
7891
6832
7264
4423
6140
759
2484
3978
7832
7390
6719
2077
2306
2737
2028
8481
3634
8150
1201
3942
5380
4751
8024
4168
8056
1785
5717
81
6341
2730
6391
7928
1543
6343
3332
5035
7310
4986
5511
4953
1040
1268
2937
8002
6379
896
6972
5747
5089
2062
989
3354
1928
7686
472
6479
5683
2537
2114
2735
3514
8093
3583
5334
6482
3370
4254
8376
3058
2714
2086
89
5433
5002
2463
5741
6758
4112
8457
6246
21
7112
2897
1433
2593
843
7019
5005
3511
2418
4652
4252
1753
7475
7418
1068
3673
7652
7925
4822
6232
7289
3025
6161
5687
4881
3622
361
5033
7548
5028
6092
1855
7715
5697
6343
3125
4769
5996
1742
7131
7986
1279
8097
6088
8104
2417
2174
3258
4797
2350
7740
4759
3832
1804
5067
3881
400
1957
8227
8342
5490
8343
172
5610
699
6248
8263
2053
6961
1446
8398
2268
1969
6702
3913
3452
4687
6366
3941
4240
6490
2821
671
349
7386
4544
4358
675
2174
42
3379
7582
3676
3512
2834
7278
3165
5915
3181
4933
1655
6891
8481
3348
1261
878
1977
2094
1617
139
315
8256
1234
7757
1834
4889
5493
3332
2818
8486
6606
6462
7604
4925
1239
190
5933
2536
1884
1242
2039
6641
3527
8379
6707
6418
3568
8151
4012
3720
8334
6743
6005
1100
681
5775
5218
1446
4359
6135
3271
4077
6561
932
5807
7255
7711
993
4739
5448
696
5968
2250
5917
2217
7444
1480
4519
3493
7588
8231
3471
1658
42
5496
7632
5107
4562
1551
8397
6325
7979
725
2964
1333
5961
1843
1604
7356
2325
1867
3076
8078
7918
640
245
1040
1544
6784
3682
7093
3022
7258
3247
2557
3600
1042
6683
5657
1632
592
5691
7295
2635
4192
1108
8149
7737
6709
5172
3369
4870
4405
6590
16
7079
5049
3337
5710
5117
2203
520
6527
6769
2812
6699
4790
8177
456
6197
1530
83
2365
5126
3573
8172
7196
3268
4957
5828
2252
3847
7791
444
5737
2442
5468
500
2348
7804
3741
7661
817
6852
5319
2940
869
1153
4898
5366
8295
415
5698
243
1415
699
4890
2292
4365
3185
1118
3313
3328
3437
2398
6884
3739
2335
6086
2433
7838
1676
4833
1375
8002
2606
2105
1788
4066
448
3749
4137
8297
3904
7213
3469
1798
1386
2151
6165
3803
7238
8127
4896
3595
6625
1750
1865
1379
7045
4468
2794
5346
5915
6920
1191
6218
315
7305
3344
1335
8323
5598
3644
7584
25
8192
2617
541
3955
7536
3837
2842
2116
7988
931
1131
2937
1071
1018
5097
809
7540
610
7301
3822
2056
1357
8053
2050
7488
630
6711
1596
4099
7966
1342
4149
4298
5583
2748
5717
8433
6918
4835
5018
3562
4216
1200
6403
5840
2594
2829
154
4078
4046
2526
5846
4462
5958
3847
7528
785
824
6930
7561
966
8371
2033
7996
6587
5310
4024
7846
3597
5159
3232
8480
7524
3344
751
6316
7550
2890
5979
5337
7844
8469
6546
6273
4462
5637
2388
1264
5965
6746
4361
4763
8152
7060
3324
2895
2260
7219
7985
5797
6682
972
722
7271
7394
4186
8403
7720
4193
2759
6699
5537
2064
4724
8113
6872
5684
6665
5465
4455
3110
5505
5264
6898
3881
5439
2802
4305
8236
5397
4886
5445
7006
1514
2785
8350
4028
1483
5509
7044
3208
566
3953
602
5093
7263
94
3635
6992
12
4508
7351
494
8193
4366
2250
1984
1718
5365
4098
8267
361
2804
368
6366
515
1509
7125
679
7335
4277
1414
701
561
7833
1201
3891
5890
5141
6006
141
5493
686
5419
669
1418
916
4575
2047
583
6584
2679
7225
43
1318
5388
5733
3149
7787
4197
4869
2441
2389
2262
4226
7038
2380
725
7083
6048
3311
4508
612
1945
4588
5112
4989
3863
3013
8001
4144
2108
1546
4692
1095
3531
1897
3030
1825
7323
8309
4714
4729
8338
1156
5430
6348
5172
5896
3251
7632
6962
112
267
5257
6902
4908
5720
7416
1
5750
5820
7320
2276
1473
4976
6936
5944
304
5274
5248
3657
7241
2623
6156
1290
5616
1389
6823
3459
3842
6250
5142
2859
6615
2222
7939
729
3563
7567
2393
6627
5650
4720
2582
995
2064
2203
6477
4210
6280
884
739
3799
3705
3348
336
1620
6842
7671
6678
7251
4722
6506
717
2212
4236
1236
2640
2087
2586
4312
5209
5290
3842
2300
636
3586
8327
1613
1604
775
912
6316
1570
1273
4342
6105
2880
5849
7773
8175
6591
5401
5309
7192
2522
913
5136
5867
3882
4847
3219
931
3730
8006
2810
3898
7040
4935
6765
7303
2783
6373
3985
3810
1028
1556
7513
8327
6780
6288
5745
4275
2656
4488
65
4035
676
7245
1027
3093
646
7313
1596
1089
4862
8162
2209
1544
2015
7800
1864
1073
257
6961
6647
2822
4051
3294
2808
5558
7677
3219
5000
593
5754
1951
1444
2056
6611
7457
4156
4379
3639
7869
7187
6633
4804
4748
2503
3959
2061
6772
4987
5254
4643
2082
2572
5175
5313
7405
3325
4736
7490
3672
7471
4490
2252
2436
4676
598
4560
2889
4960
5901
8371
4952
6374
7391
8309
1137
2853
1104
4461
4315
4406
3450
1843
6241
5747
7407
847
5108
3651
1936
5831
4075
29
3870
2860
4058
2274
2261
2650
5628
3278
4695
1264
7780
471
92
6888
5300
374
6873
4885
4657
6061
1533
5615
5694
5238
4236
6764
4635
7593
4039
6760
1077
7287
3489
7780
6977
2283
1854
1653
1183
8387
6621
6779
7083
6804
5619
6481
1799
7783
5799
3995
4822
1688
5833
102
468
6978
2120
3986
5638
237
5227
3674
934
7168
2143
1885
4302
3201
1076
4061
6146
7150
4099
8040
2059
68
765
3280
4475
4412
3858
4456
7631
5383
1203
6669
5932
3354
2689
4947
3769
5589
2348
6648
6542
5529
4004
6563
2183
2534
7132
1927
6041
4136
7921
2187
1358
294
8205
2346
5571
4384
2114
1319
2430
7886
441
5555
4054
6602
8216
1052
849
8151
6445
358
3716
5253
928
5138
654
4729
7221
4346
8143
7112
814
3219
3328
6460
3564
230
948
4184
1878
8286
4557
3893
8358
5032
3765
4955
8225
5457
6613
278
3582
2809
3229
5750
5227
5593
4802
2557
3459
7630
2280
2487
456
2897
7483
7081
6665
1208
2018
1439
5764
1995
3027
6701
215
68
1386
5793
6960
4393
6308
5114
7619
8228
536
3512
5392
1685
5187
1536
5531
4440
773
6389
3565
429
4104
4621
2964
7168
4544
7726
1082
2823
5084
6764
4575
2456
5601
2699
6965
3826
2796
2486
2321
2975
4355
4944
1009
1062
5597
1933
2212
2454
5650
5301
5915
3771
4696
4776
7134
6179
6647
7848
8066
4318
2316
4203
5482
6855
4749
5634
3428
7166
2221
7480
7584
6674
6595
490
4948
8048
748
7963
5035
8486
6983
1967
4956
7827
6926
7625
6898
7548
671
2046
154
3308
6052
1758
4189
5781
747
1433
6301
4690
6185
3511
995
6710
7595
1581
699
6362
7065
3076
6267
6060
631
2316
4621
7888
1577
4550
1245
7099
3923
7771
3976
5464
4322
6449
7723
3919
4619
6149
4279
6126
6073
4875
7846
4778
5441
2585
3904
7690
8255
3887
6737
3410
1031
3356
446
2383
6335
8034
2742
773
6760
8392
7986
3111
4424
5245
4249
3728
8136
5217
5484
5461
8006
8020
998
2062
3150
6039
1608
4386
837
480
1620
2362
799
3866
1551
5828
3968
4065
3505
1277
4802
7112
4393
3157
489
5708
2414
5080
6907
390
6442
4996
3883
4070
2730
1134
4293
3655
2379
5034
633
7526
3220
5920
5786
5047
6760
3067
622
831
6587
1283
640
6228
557
7510
1837
1731
5343
5135
8291
1480
5851
6079
3840
3665
6558
5051
8327
1780
5025
8144
6778
2919
1270
5086
5693
5238
113
2623
1835
7364
7923
6992
5827
395
6766
1581
360
1487
3819
7190
6230
4937
5209
734
7221
6349
2483
1932
5168
8375
1690
6542
441
8462
8461
3254
3132
1595
8038
2397
6429
276
5794
6978
1558
678
4284
5312
8334
2054
4966
2432
4989
1564
3697
2565
5554
422
236
5090
4616
5403
858
3654
768
2483
313
1671
7654
7212
1542
713
1518
91
4027
1763
5083
7369
7626
8225
5856
1234
4305
8445
6383
3903
1983
7571
3988
4748
2742
6047
2082
7017
5476
6494
3685
7358
1607
3865
4380
7410
3419
4711
7781
7021
2290
3127
5212
31
518
6989
1205
829
1119
6197
1106
1450
6011
3425
5581
5027
4908
8145
5814
3232
3174
674
4566
5047
5354
2057
6125
5008
7395
5759
5478
4302
4016
4772
3557
4964
4666
967
832
1857
5904
1313
8083
2866
8017
3307
4411
6911
7871
4740
8462
3637
966
5740
4617
5950
207
1138
650
3599
1667
8484
5609
842
4060
7056
2055
5301
5220
4593
7743
4780
609
1512
1694
4387
4285
701
1029
5640
4590
2838
1764
4719
7966
862
7625
7571
4069
5564
1851
5146
7232
6383
4567
5210
199
1802
2030
8466
7894
2341
477
3284
3066
3022
4858
4352
7130
1827
6291
2691
193
6037
1509
6471
540
1165
5474
5650
4221
4540
8016
6695
7876
8068
6751
2172
3656
5443
4454
6118
2633
8
451
755
6565
2732
2004
8026
4718
844
225
7162
5505
3836
6264
3832
1809
1649
3425
2159
1738
5796
7968
6810
636
663
5100
21
2023
4689
3818
3702
6794
906
5491
2159
4333
7369
2723
2032
4012
5361
8379
1938
5601
1347
8190
1911
5297
762
5204
2358
3776
1278
8000
4472
5228
599
5704
6709
7361
3826
6871
4053
7043
3690
935
7027
2619
421
2740
1787
651
6326
3414
3255
1473
6459
571
4896
4176
7811
5017
1828
5744
7606
7671
792
1204
4581
8490
6009
7985
4293
168
7536
4453
7130
6917
4486
4069
8084
2751
2842
1872
5794
3652
1874
6278
3167
3426
7614
8262
5969
475
4595
1745
7666
3750
6295
4415
8409
1659
5835
5436
427
4286
7590
8159
5948
375
1798
2447
7859
5667
5226
2999
1955
2863
6157
3508
7567
4288
2357
2343
6172
4630
3444
4672
6264
7577
7829
8259
7307
3865
7116
1541
4215
6089
8328
6547
3941
6944
2094
2075
2561
6958
7398
3425
4231
2106
1906
8374
5719
8261
3058
1831
2168
3578
2579
1288
5507
6715
5817
1283
2999
1609
7137
7252
281
7065
4225
7612
948
6457
5514
868
3835
7721
4055
512
7011
6293
1467
6580
2432
8300
1341
3581
4053
2535
8209
4037
8104
678
8164
8314
1472
1912
5908
7782
7997
4625
7362
8145
79
5356
7101
2875
4191
3863
1788
6453
6791
1057
6377
898
8193
7574
7925
5779
1898
2318
7040
3844
5637
6435
3293
6713
7623
6377
5203
511
1232
6306
462
860
6936
6099
3393
7766
3735
4202
2298
4675
2978
4364
929
7041
5394
1783
4998
4763
3740
7089
6881
5616
3716
8209
2172
2145
12
620
4408
2285
1613
1747
7778
4515
3620
2416
5413
5009
3822
3091
6220
7316
6502
1964
3545
429
648
6670
7830
1203
2731
4330
377
7706
7285
4542
5959
5656
8407
6141
769
3606
5540
2721
7238
8396
5007
1825
2473
570
8313
4709
2191
7447
153
4667
5955
4309
6078
8052
8182
2505
6023
7312
6234
1129
770
3098
2639
743
3736
2817
7112
4998
1546
272
3621
3197
6412
8293
1065
3996
7830
6457
5935
4107
5512
1407
8078
1273
4484
1368
5137
4702
5907
5703
1886
2333
5785
6839
3022
2630
642
7578
5743
2560
2661
3923
7091
3447
445
8264
2613
1588
803
2103
3495
5946
3514
2891
673
7717
4054
160
2028
7798
281
7159
5547
2115
5477
6047
3260
7365
930
1658
3209
1264
6952
1907
7593
4950
6072
914
6929
5064
2787
7654
4675
3366
8009
328
3038
8458
7117
3121
1202
5533
4531
7269
4451
4602
415
2163
3717
280
7872
4591
6529
7523
8420
5976
2767
6354
786
2136
7361
6368
2515
8431
3384
8192
6047
7396
4127
1680
2736
4974
6452
8147
7989
2927
6292
535
6937
8058
2391
8195
7755
1159
8413
3556
7307
2309
5192
5947
6038
865
1997
7271
8006
3994
7982
5321
1313
7640
3062
762
1531
6577
3769
3728
6345
1603
3240
5797
3485
7989
2409
6057
4833
846
3968
5327
5055
7452
1152
6984
1570
5596
3229
5209
7920
5046
588
3591
6991
7849
2910
2160
1771
4987
1447
7003
7341
5348
805
5765
7543
4492
6933
1032
84
5362
1013
745
4411
250
6581
6283
3804
1675
5705
5663
1845
5288
4987
1871
5769
2838
6223
5278
6871
2520
4390
5366
791
6086
629
4181
853
3582
8387
3190
6601
6692
4686
7262
6592
2010
316
7195
933
3825
1345
4792
1418
3116
5842
137
2634
6923
4276
7358
4259
4719
11
1988
1332
3669
6091
3132
5477
2364
6456
429
6956
6925
7586
4680
7396
7146
6695
459
7737
1991
3746
1132
6878
4009
3622
4560
3455
484
4823
3481
1167
109
7646
4872
3603
1429
8018
7815
2134
1553
1092
5155
8300
7028
1773
2998
5542
5778
7214
4124
8332
7011
5702
7420
4309
4768
2610
4318
5944
1105
1399
4565
5472
8109
5182
1351
39
3371
5168
328
7204
187
746
6645
4059
2024
4807
6577
5110
5456
2204
2659
1189
2479
566
1883
7464
2084
2999
4886
3017
4547
6644
6705
517
2144
4887
8313
1363
4709
6876
3951
8332
8356
8370
7115
1891
7375
2192
1247
5653
314
4050
3018
3309
3317
3574
1178
6326
6167
7160
2963
8185
7573
5122
5618
6042
1302
2322
7023
1640
4033
6610
3179
553
5832
1269
1369
3045
6977
6548
7512
1098
1628
8120
5758
5496
6987
4451
2276
1147
1051
5646
2035
3289
3514
1857
7235
76
2038
7135
3523
2750
8126
5694
5728
5547
7164
1295
6163
4552
1292
5390
6662
549
7303
216
4659
5102
876
6595
8090
6631
5296
2868
4704
6818
3880
2777
5280
4358
4694
237
4190
428
7412
7247
3467
5563
6956
135
1441
5890
3754
5660
2155
5510
6787
7453
1781
206
2908
6047
2674
8351
7707
5507
7075
1157
994
354
6466
7060
4791
1589
163
7676
5859
5391
4339
4963
6584
3890
7434
5629
6569
3837
1907
2338
8092
717
3256
5674
4192
2812
1451
6234
7100
3507
1
197
3309
968
4521
2630
1504
3934
7520
6192
1744
3701
4789
6449
5631
739
8396
8294
6227
4102
6277
3468
1685
5040
6379
6756
7826
6180
6891
7304
5207
1095
5224
3652
2563
1875
1371
4713
4899
7961
1232
1569
2893
7801
103
3937
5614
5863
2082
4209
4147
2749
141
4632
5523
5043
6960
6701
308
3269
6370
1197
2091
3631
1689
7892
2822
2767
5422
6412
853
2209
1126
6511
4736
8151
500
4981
3241
7397
1775
7105
2473
891
1652
35
1474
170
6466
2724
6001
3793
6432
5762
7181
2332
3
4338
5244
716
3930
243
4801
8107
8208
1921
3512
4507
8162
4159
2383
8474
4860
2928
513
1560
4122
6332
3881
5924
372
1079
8037
2798
1478
4694
4572
5342
8216
1521
6495
2710
7582
2634
2396
6346
1552
5205
6753
2893
3245
5971
7549
169
6286
44
4932
7300
1705
5811
1593
898
7663
8040
8340
8142
3216
53
1950
5568
8135
4144
1126
4794
8066
5558
1058
4887
6564
4101
6335
5541
4317
4219
2530
7331
4075
3282
384
8367
5155
1524
5261
8411
6180
3936
4394
183
7980
7132
4368
6347
3071
8230
3801
4430
7843
8062
1282
5765
3026
1862
483
1140
1079
3565
6567
6963
7232
1857
3739
4954
780
2880
7847
3331
7673
1299
8411
6064
6672
7978
1825
1798
8130
7956
6813
4507
8164
3878
8085
1417
3999
1483
399
6400
3555
996
3820
7934
2841
1959
2020
2335
3766
5334
2836
7267
803
7260
708
1904
5152
3031
2519
3749
8306
5462
156
3473
8186
6895
5167
1899
3455
7314
4297
2490
323
3268
892
4388
910
5222
4711
3283
956
8282
6875
6179
6046
3904
832
6785
2715
8324
4551
5206
4097
6632
420
4445
2531
4444
1599
7550
7682
1329
6368
7322
4966
2434
4757
204
5558
4067
8044
6255
5439
405
7550
5826
4746
6088
4435
498
3769
1235
8036
1178
565
1461
6232
1261
1210
1749
2642
5422
2060
877
5539
8020
3509
1113
5600
882
8359
4018
5648
3601
1757
5730
4962
7265
2818
5805
2065
7130
2295
5702
4931
1656
3511
6674
3408
7866
1573
3155
6676
6264
7344
6090
6677
3281
2034
1373
2056
439
3352
1551
5825
7834
162
1573
6466
4404
4212
3214
7738
2419
4560
2853
6980
2010
1599
7463
5328
3525
6516
2492
6668
6492
5156
967
5711
2171
2612
5446
1259
1431
4232
405
549
5787
2385
1958
7923
1993
3463
6218
7930
4396
8305
6130
1983
1816
7049
6272
1492
6824
243
6954
5815
1269
3754
2870
2830
4175
388
1645
7994
581
2808
4333
6323
322
7326
2118
4621
6979
3098
2300
2370
2729
885
3199
2631
4319
5325
577
4712
497
7715
1641
1641
1616
2648
6257
5339
5510
7770
485
4056
7538
2221
2367
6687
6129
4746
5768
2944
540
8102
7129
5672
5434
3256
7891
6200
214
7035
4985
4653
1342
6900
5499
6789
1308
544
5149
221
6906
2816
5230
4462
289
6597
819
349
6026
1060
3520
2215
7084
5024
1553
7538
4223
1047
7415
5240
78
4698
3945
6670
4173
2821
870
5888
5009
1840
3113
6432
8148
536
6925
1876
7207
4601
5984
3350
4243
2364
3050
1639
3344
6586
4403
7051
704
1413
7441
537
8151
7596
3217
4575
3544
3114
6105
325
8493
746
4567
4544
3393
138
1825
7177
7435
7289
4656
5684
6670
1303
3979
3379
5512
3297
1768
1167
1997
651
6675
991
1580
2855
7361
2404
3917
1451
5941
4266
8385
5307
6693
2173
4127
7632
6670
3750
186
6337
781
1645
8033
7997
2450
2364
4979
1469
4257
8031
3682
1092
153
1880
6317
7029
5932
2033
2159
4457
5648
2225
84
8499
3232
1795
1120
3545
3320
4115
3099
1745
1911
3807
4127
1204
2904
7842
1025
5678
932
6569
1663
6293
4837
7910
6863
6220
4695
522
7865
3084
4736
3534
3800
830
4740
6255
1562
2970
2064
5575
5179
449
5524
4604
2935
8306
4419
1808
2259
1024
3333
6251
6532
2560
8041
2966
6886
6241
6042
1548
7081
3551
1393
3922
905
4911
420
8216
5887
5149
1901
655
4089
5612
1514
803
855
2835
5049
7983
2097
8259
4782
1196
5977
332
3380
1403
7761
3708
4337
266
1742
6434
3309
8369
6152
2440
5114
4897
4650
5982
2647
1423
2618
6236
1215
8073
758
2046
4609
4623
7994
5694
4265
1835
450
5830
6074
3534
6361
3293
5356
2707
2852
3502
6306
135
6540
4444
6968
6404
1918
3204
4755
4878
3817
4535
6549
7508
2052
3855
7776
1859
387
7367
6943
783
2731
3872
3468
4402
1501
956
7354
7813
7494
3790
243
471
4358
7734
1415
2949
1989
415
1915
1637
1143
5730
6392
4690
192
6427
1289
5840
5567
2020
7460
2689
1400
7418
3893
3009
2638
7349
2788
8144
3782
1390
621
2598
3370
1592
7387
3998
2846
6064
5029
8384
588
126
4278
941
1376
1293
5884
6342
7063
3307
7759
722
7206
7303
3069
6473
1279
3664
5754
8134
5583
6015
874
4399
1083
4688
5575
488
5560
2338
4049
5322
8403
4541
3005
4991
6943
3866
4021
3032
362
6530
4154
35
6135
4571
829
6386
3681
4504
4284
7272
1925
6088
212
4071
5257
5447
4580
3552
3789
5493
5981
1228
5556
460
6358
3927
8369
4405
2525
763
549
5142
4303
938
6644
5247
1544
6626
5131
6795
6361
1967
4644
354
1534
5802
7789
7997
1770
1253
4132
6962
5495
5114
1505
8275
3449
4182
7098
7622
4554
1699
3523
4987
6559
7481
5069
2594
8358
7034
702
7119
7351
354
7264
6808
3801
3572
1447
7058
805
4247
869
5896
4107
751
5083
114
7390
2646
2242
6518
1863
935
521
4113
2090
6527
2475
8428
439
8013
5589
3190
4272
7313
2601
4610
2392
1632
4982
1570
837
6006
2004
824
8375
8140
7400
5969
4000
4148
4489
740
1121
6752
5498
4552
8295
3941
4460
3454
3740
7053
273
5858
1564
4056
7859
5857
1599
8050
4279
4109
3781
8298
4165
149
8001
8392
5220
4427
8361
3745
1343
6161
4830
1414
7387
244
947
3013
2110
1208
4404
2159
8174
792
1441
4515
3950
8185
3870
7048
3193
5191
3598
5343
3887
3024
3444
4264
7402
5778
2235
2060
7388
992
4705
4932
2532
6113
67
5312
7807
7136
4851
6511
6923
3400
6169
4986
4066
7400
3834
2488
3521
2512
8348
5430
940
3656
1280
3604
499
2884
1614
4957
4308
3489
7294
8399
2996
342
3520
4311
5340
768
1305
1328
4520
4382
5410
242
6603
1668
5018
2255
2306
4835
4515
8446
1735
8489
2562
8188
3094
6231
544
668
2691
2345
7518
1318
7883
6361
5213
285
818
5072
3147
6571
7922
1862
3962
638
1301
7945
5518
2804
3741
5706
51
5019
3984
7208
265
3583
4632
6237
6471
2125
5997
5795
6844
4971
5902
7616
5960
1106
7167
8219
4264
7135
6957
2944
7233
1746
792
5410
843
284
3145
6011
2335
6241
3036
40
3741
346
4932
447
2416
7469
1199
3844
6036
2663
3885
5504
971
2490
5173
3317
4264
5849
4820
3423
6917
5982
7049
1187
5555
683
927
4075
5708
1036
361
7366
8167
4800
8271
1970
5723
4166
2287
499
2334
6961
4995
2906
8496
7897
4871
7363
6504
5241
5547
5609
7772
7554
8294
785
5264
952
346
1750
66
3148
872
8124
1789
3243
7869
2068
1480
1126
7658
6900
3707
5431
4393
6816
883
6980
776
7252
1419
1479
6032
4184
7991
6202
5928
8007
6890
400
4239
6981
2585
2814
1129
1585
5005
4376
4201
7042
4226
808
3012
5684
442
1774
7642
3679
7966
3793
2902
6773
7765
1730
5196
8350
446
4019
3451
3790
8479
523
3362
6422
3452
5512
7044
6411
6423
4434
5683
2147
2367
3920
6778
4886
5959
6009
7075
7575
647
5854
7084
7545
7275
2231
717
6505
2185
5559
1048
2749
917
7528
2286
7589
1580
6424
8013
6886
1269
4323
5512
3825
8129
6726
1846
1971
5795
4026
2491
5292
4251
4142
8245
5940
6367
2181
3367
3506
7403
6776
5929
4580
4271
4932
155
8100
6473
2113
4896
5290
7197
4368
5432
3355
8377
5439
3797
6158
2232
8278
8075
5738
7458
4469
7883
7119
4371
7757
2142
2297
4961
797
5839
7540
4626
4883
6014
6642
279
8211
2242
8340
3246
296
3714
1580
6730
2869
7620
967
1792
1484
7386
8048
7280
1091
7281
1969
2651
4635
5364
6894
3691
322
6559
8444
2517
2240
6235
1003
3146
1535
5873
4908
8389
3008
2954
2598
5814
2406
6825
8027
4867
4182
7829
7648
4456
1684
7355
5739
2261
8390
3168
8337
5081
8184
179
192
5036
2108
2813
6458
5261
7643
354
29
7880
3072
693
2715
1331
7009
7766
6782
3916
7497
695
6932
6244
4897
3413
5348
5975
2319
8024
4622
3511
1297
5417
5665
5263
4567
321
2181
4493
3945
4410
3431
6101
3795
3295
5693
6326
938
5381
7610
4254
5880
6665
2550
66
4693
562
560
4020
2058
6760
6825
5308
1539
5159
3699
699
7948
5374
3914
8122
2927
311
7498
7612
1102
6799
2234
5934
2889
2168
7277
1720
5552
3459
5808
726
4012
368
8280
6225
51
1669
2706
5061
5180
8199
1469
5910
7220
256
6538
3024
4695
723
5903
1323
5093
7238
6315
8269
4454
57
3363
4051
1053
4184
3603
2318
4905
7006
7243
6412
1205
3986
2984
1658
2914
1531
2863
7019
8154
3265
5589
4574
984
772
2138
7056
5892
2275
2468
5105
2510
3130
7727
8469
2623
1984
4623
244
3863
540
5966
2631
1340
5036
8117
7415
5012
2269
3113
2967
3068
8094
3295
8081
7223
1876
1046
6
1622
2551
2049
1371
316
589
2717
2061
4117
8180
3332
5701
4495
4122
5364
4762
86
8195
1687
8487
2926
4248
5768
2188
2084
6970
68
5381
4330
8085
7719
4190
763
813
3110
1995
7895
3756
6446
3363
4511
1968
8322
697
7618
4368
4221
8363
1361
3590
8335
2687
5857
359
7108
5201
5526
6295
4976
7794
2063
689
7782
854
3933
7494
5958
8273
5389
8194
6385
8216
6703
7611
3613
8216
6753
2418
2258
700
2365
862
729
63
5723
2728
4976
2570
1279
5897
8003
5376
836
3186
1446
7480
710
1573
6063
8136
6757
3186
1102
235
8319
7377
1189
4586
6495
1560
4230
2616
7136
530
406
5087
5846
998
4684
3128
7571
8021
5753
1898
5947
5982
7011
3672
6074
3943
6812
1661
1236
2610
2670
4784
4755
6784
5353
6954
4272
799
1870
7271
5180
6422
540
5719
3993
7837
6833
4961
598
8278
8237
3589
235
967
2118
304
7595
356
1800
5088
884
4153
3641
8156
761
3581
7675
3433
1640
2633
3729
3434
4773
6340
5867
3114
4672
1884
3926
1727
5643
4869
6757
213
2680
807
314
1974
8278
2723
1328
1637
1035
2319
3006
4785
2539
1999
5397
5275
3071
5875
7252
1540
7669
6649
5721
2265
495
7769
5531
1558
2059
558
1659
982
6647
5001
7708
4717
2918
5944
5685
4760
7775
6744
1561
4105
5309
3315
2421
7883
7765
4177
1750
6013
334
8008
4249
1932
250
6031
6533
6869
7129
4304
2453
3087
2910
3481
4899
1217
709
8200
1729
3876
5446
1500
5474
6912
445
3564
677
7007
2047
1763
2051
4130
5604
7214
531
2711
3062
7446
5299
5836
4350
5671
5093
2194
871
7174
5644
2675
196
2807
8265
2322
1967
8486
2018
2016
5393
4543
6462
6005
4968
410
1868
2458
3144
3602
3358
5893
5945
7574
1922
6791
3502
4484
3420
7457
4533
8118
6629
4290
2919
2296
3657
1874
1771
4980
5081
3175
5437
4167
5108
5706
2628
8220
2632
3805
3598
1686
4412
2204
7989
5539
6633
434
2561
8203
3270
2709
7331
1000
5265
7390
5105
7411
6309
6208
3732
7529
2985
2004
8303
7934
4371
6246
5071
1966
179
7611
1882
4574
8155
6234
7261
6645
7848
4706
6978
695
5495
613
5140
1104
1
6304
4179
3958
4757
3323
1131
1725
3449
5504
6685
8012
7103
2976
2009
8169
5330
2777
7667
5471
8184
5868
6065
780
6664
1178
6394
5545
3603
2783
5841
1926
1932
4078
8129
1750
2032
8256
2485
6400
5414
5886
2627
3210
492
4469
3678
1739
6464
6674
7618
3252
5127
7477
426
1840
6853
515
