29
965
768
744
793
576
727
721
424
540
893
127
309
945
835
263
955
9
873
916
751
768
955
777
251
55
644
102
423
731
270
45
550
781
507
583
42
954
268
472
789
163
723
665
310
895
38
52
76
315
371
105
818
908
418
143
343
324
364
983
665
984
910
426
541
386
50
635
797
514
226
895
110
279
161
313
341
300
776
978
774
21
66
678
417
416
333
881
689
545
814
128
930
710
119
156
967
793
23
512
941
516
454
692
639
206
19
403
350
35
997
775
37
51
970
589
55
185
711
994
509
875
149
700
872
201
972
549
623
398
15
122
294
508
275
379
603
284
829
267
182
690
775
54
324
31
231
626
176
185
229
694
183
333
646
496
118
53
354
459
858
452
182
949
740
469
974
358
839
812
635
396
455
204
45
828
224
520
893
371
712
933
42
538
42
860
526
808
152
102
707
457
612
144
328
220
243
461
810
915
303
35
241
131
599
21
888
923
85
856
224
378
139
778
98
897
123
516
255
207
978
288
806
67
936
333
984
84
55
487
204
285
414
604
498
332
537
713
526
249
886
587
772
44
582
962
826
623
846
240
342
283
745
919
284
742
596
120
908
209
573
679
319
648
873
148
180
171
489
637
387
770
200
526
804
157
475
459
485
177
190
812
143
462
55
695
180
125
273
140
799
95
808
993
351
737
771
78
113
92
875
483
513
272
38
261
14
129
168
799
783
521
728
669
678
917
114
836
543
4
382
214
620
922
380
113
921
419
121
279
847
410
51
792
655
257
678
763
604
451
840
156
565
613
575
383
350
908
669
674
523
256
957
609
440
293
829
923
872
306
567
610
168
674
742
432
390
208
945
804
755
240
175
420
115
121
256
181
677
614
452
998
339
884
618
306
744
517
223
3
472
690
441
180
913
312
638
503
996
930
502
654
712
820
666
349
419
327
655
835
974
464
755
858
796
348
27
452
630
246
254
821
614
576
722
728
518
96
65
970
237
193
215
338
837
411
595
186
460
325
360
943
644
431
390
483
209
876
826
132
7
948
335
654
230
671
863
483
27
837
866
843
356
115
657
542
463
785
360
814
455
686
446
922
837
636
618
893
759
881
955
846
783
866
364
16
651
772
459
241
676
549
173
911
885
716
104
718
354
617
539
335
546
423
62
411
347
286
386
141
73
949
692
357
770
149
555
952
425
881
27
693
44
650
230
610
653
502
63
181
498
104
530
520
209
779
451
611
483
383
129
437
419
591
463
493
404
241
687
650
540
244
203
91
673
120
802
145
127
183
787
312
219
330
928
396
622
662
18
209
641
293
13
498
778
312
280
315
881
442
956
210
49
520
710
976
358
53
43
454
327
514
127
202
80
138
658
249
184
852
591
366
729
738
713
57
393
102
413
235
700
900
367
981
396
354
738
960
614
19
551
319
298
164
80
112
943
926
610
266
688
498
669
809
655
234
418
12
333
76
560
912
387
842
602
565
607
732
912
94
247
968
225
70
795
415
506
798
626
360
85
83
532
202
225
636
71
259
778
457
937
990
269
694
96
873
203
583
321
668
335
239
67
581
13
89
719
889
296
575
559
653
280
792
288
939
247
643
477
367
431
802
569
89
674
483
272
285
812
48
483
798
617
366
143
41
415
850
577
509
127
199
200
481
278
85
774
846
258
363
468
883
764
261
370
832
1
952
432
786
787
770
595
188
330
863
903
671
867
871
990
672
491
19
42
272
259
918
325
617
511
200
218
483
956
188
903
423
54
628
938
59
579
403
461
756
56
368
991
506
942
146
872
421
480
999
273
845
283
311
542
527
338
61
929
683
157
893
341
330
470
832
131
333
313
677
644
905
133
59
347
695
74
25
310
176
737
830
945
197
402
204
87
420
879
310
935
478
803
435
119
438
461
491
463
316
711
630
268
592
886
76
503
410
405
151
161
117
162
452
582
676
109
25
884
916
25
272
414
410
960
1
369
654
463
638
154
956
643
208
41
203
974
48
751
703
146
727
304
713
897
494
404
910
998
90
128
572
628
127
755
889
2
869
64
38
623
712
912
273
183
737
217
272
34
442
286
705
821
743
660
311
944
512
527
350
419
827
479
799
334
934
594
376
579
458
991
739
250
619
820
846
241
244
661
650
742
327
466
109
922
978
163
987
428
869
594
921
447
536
110
498
969
882
31
690
113
451
851
264
155
347
772
488
348
756
979
758
53
714
925
895
86
380
448
121
192
770
443
819
734
453
472
39
969
70
638
412
175
310
127
393
496
525
234
275
716
759
502
167
