2295
7331
8539
7562
2997
875
1829
3921
6390
5436
8628
6070
5354
3162
2531
481
4121
639
2826
2411
6339
838
1143
5365
8432
357
9443
763
8518
1378
3823
1894
5052
8384
2716
6312
9193
5856
5703
5201
5690
4054
7330
4883
2333
8134
4121
7931
6037
335
7872
8247
2911
8954
2427
2929
2618
5998
6372
5354
8527
2493
7772
4669
6163
4680
5453
2627
3295
7019
9336
1706
1591
9035
1112
7342
2415
4473
4367
12
2114
3411
425
7811
3016
4439
8026
3377
5475
3112
5696
4794
3606
2794
5823
7861
3455
1818
5962
4480
2443
6226
2415
9254
1641
7951
5663
2600
8524
6180
8444
3200
209
4508
8863
8142
7781
4361
458
8710
9167
8328
7467
4111
6458
8237
5567
1814
6110
4266
9315
7254
3266
6492
9493
4836
5935
6839
3931
4669
2592
8760
8476
3247
9438
3657
7368
4705
8433
3496
5639
470
7053
2425
6413
8593
399
5078
9289
6800
553
4870
1780
6239
1694
625
5849
5233
170
938
1056
7544
8563
8755
9192
614
4088
1411
4102
6192
7747
504
456
4707
3829
8727
1266
3175
1361
721
264
6788
9208
383
465
1625
557
3209
536
1811
2706
7677
8058
962
9177
8702
4075
1288
8284
1946
542
7454
4132
4457
9045
9425
241
468
2126
4486
6405
1469
4601
3325
3978
7031
7685
7753
1218
3096
813
1348
9446
5704
2824
927
8287
7562
2062
9429
7433
9209
424
9293
7253
4359
3575
4722
3463
17
6316
5962
6745
6912
6051
7399
9312
274
8106
9067
2589
783
2244
740
2231
1810
2912
6891
9191
1529
5712
217
4540
7784
8948
6351
699
854
805
6724
6820
9053
4186
2435
6403
4301
1158
1971
2005
5743
1046
9350
4298
4420
6818
3065
4488
2923
920
4890
5507
3217
1798
1709
5373
8540
4878
185
7057
3611
7119
2863
3819
865
174
2792
6958
7212
4935
2276
4127
5503
3950
3436
3341
5956
6318
7121
8695
4676
350
2683
6314
324
4459
7452
7572
1161
4714
291
6754
6244
6482
6281
6113
2664
8402
7387
4870
53
909
7394
7271
5958
6247
5895
855
7631
4201
431
4557
7689
384
259
2224
5272
3719
666
7648
4350
3055
5488
3396
2066
8422
3096
1630
6184
2264
7850
3131
3705
7460
1962
1756
7306
2403
8296
1646
7897
5150
6840
6045
7189
6135
7082
3729
2916
183
6128
6686
8180
7595
5174
8383
8429
9473
5239
6389
3477
5289
8786
5406
9006
3029
422
7288
9446
2171
2942
4720
2122
6118
3730
341
6941
2299
1520
490
8947
4774
5765
2025
6442
2189
4891
1153
5837
8561
9194
5583
3140
7261
3666
6353
2025
5612
1480
2260
784
8583
3383
8244
8495
2543
6975
6110
1268
3437
1941
9473
8359
8825
8013
5294
7368
7112
6251
2975
6599
4042
9282
3932
3272
7716
7068
5722
6618
6868
1408
3835
3096
3339
5345
1974
4210
6284
4807
4611
3922
183
2156
2500
4591
447
8533
2333
3188
4305
2528
174
969
2423
4166
3175
4434
7482
8350
1584
5381
1685
5736
8658
3575
2742
7405
7010
7676
290
6676
7646
7901
233
3794
3750
9150
5696
8831
3410
4399
9132
8853
157
2760
6916
3466
1765
1870
5795
5789
6358
1394
1947
6510
5801
5157
1918
3267
5453
242
2555
4132
6144
1475
705
4739
4691
1974
9281
1397
736
852
5298
2737
3980
4349
5738
8466
6214
3839
3183
2837
9095
1598
5091
4569
9276
5321
650
7830
8725
3438
7123
34
3832
9448
3378
575
9011
5090
7117
6647
2515
7517
5573
3701
8191
6054
4908
8647
6789
1570
7497
4445
3052
4551
6293
5190
6398
4391
4833
8224
6556
4398
6845
694
5700
629
1999
6041
7395
7782
7613
6471
5349
5030
6866
8904
7858
7661
263
9312
3847
5150
4179
9259
1674
310
1739
775
3419
5273
2496
3919
4441
488
3669
3041
7033
5285
8938
5826
7153
5910
4152
8159
1760
1228
3620
2964
1230
864
7130
5730
88
3263
3963
6981
2458
9408
5460
6442
4437
296
9452
3720
3876
6974
1412
4262
1914
7225
9077
5502
6315
7581
6770
3210
7193
6446
5297
7807
7633
1565
2293
6771
1187
198
8175
7908
7539
8743
3513
8487
4494
3226
7551
3075
1165
1690
673
2937
6172
7136
9082
2425
160
5369
3624
5617
7279
5465
2444
4658
9305
6362
2177
4085
7445
6051
2257
6875
2401
4361
1276
8728
8407
895
74
5463
1588
3746
8272
6335
4807
367
8791
7575
7360
3785
4185
8170
7519
4717
7736
8229
7549
4233
1685
6231
7718
9073
3298
3484
8600
2468
8089
1719
7763
902
1129
5961
6350
4588
2182
8491
6171
6726
1485
4527
7623
7209
6862
7287
2381
4397
4203
3668
1845
7536
4190
6422
3217
7677
8886
3385
8384
6525
4403
3735
6775
9428
8332
7678
2701
3746
6702
1973
8703
1088
2484
1754
2589
7057
5362
48
7960
173
1047
4531
4861
4353
7175
3892
3391
1918
809
5087
5313
1357
978
21
3879
1460
1091
5475
419
583
1593
3669
8643
3805
8208
5612
3823
2717
4853
7491
6989
1262
4581
2861
1842
911
3156
2971
5875
8469
3791
5694
4404
6571
3598
5927
9150
1507
8522
995
4827
838
878
3796
5801
311
7685
8101
575
3577
8664
6314
7716
1248
54
6683
6434
1785
2630
4391
9062
9126
4812
86
5624
3982
6873
7455
173
5705
7728
6388
2561
869
3606
4801
367
1519
6610
664
4219
2709
7962
3248
1244
714
1308
6749
2191
8453
2388
8034
6908
6600
2483
2442
9228
4128
9256
5337
204
1501
4011
8592
3845
7375
9056
7728
3977
3339
2765
1911
6674
7646
3960
8469
5822
4177
876
1218
4620
3242
103
4522
8561
6051
934
4079
5226
1519
1865
3315
1362
2163
5381
2701
4340
1939
5592
421
3949
2459
4313
1632
4300
422
6557
1394
8142
624
1790
8428
3797
1564
3354
4898
5892
8904
8415
6497
2202
4321
1899
8379
2452
196
6304
2199
6056
2447
8627
5357
3145
6962
7125
1688
1561
1362
586
7910
831
4708
5845
5441
734
3323
6497
8246
3594
3290
8068
6204
4098
141
8819
2836
8366
2079
5558
5144
2663
1106
1340
7647
2413
1409
4638
6930
3898
8666
3345
7645
3438
6396
6735
2302
4567
9066
4237
5707
7658
8058
4295
8955
8087
4039
3428
82
9411
1769
3976
3826
1576
6164
9032
1375
1911
6003
9473
4956
977
8850
4369
3708
4347
8925
1019
5902
5241
1815
5798
124
3957
2220
3169
3568
7526
390
1858
3882
780
5318
6226
7266
3367
2621
3894
3310
8809
465
6492
8192
3824
7195
4143
8686
4317
1154
7372
2015
8954
6669
5538
7649
3839
1983
371
1441
8198
580
5702
6523
3496
2773
8304
2684
3348
7133
1990
7855
5059
1546
1424
6259
1438
8227
8510
4099
5325
5188
6120
4031
6720
8908
8615
9459
3100
1540
8379
2766
315
1492
7768
7041
1281
8623
406
4224
4064
7320
8805
3654
2911
11
5181
4776
4307
4883
1071
7815
786
4934
5301
1479
4830
6872
1753
1853
8823
5546
6682
929
6173
274
314
1821
561
3723
6544
7641
625
506
738
7307
3351
480
1571
6481
6303
5888
2576
8587
8638
7781
6320
8135
5728
1165
743
7799
4561
8046
2847
8460
3048
1366
8710
9022
1160
3494
3729
3873
1197
7475
1318
6739
2599
16
7822
8752
1690
68
9052
2714
2151
4381
8925
4799
1590
3659
5909
3805
5065
975
7112
1225
5672
7336
2236
8512
5615
7023
5067
7326
5711
8695
2380
5601
4324
2227
6201
4838
6869
301
3876
7312
4549
3825
417
8206
273
7914
3968
7608
4416
1701
1276
8510
562
8796
4843
6239
3962
5938
6821
4940
3159
1466
8592
3017
3054
6534
9134
1491
4955
2961
7539
1301
7193
4929
5742
269
3559
4490
5867
6167
8462
9054
3318
1255
4481
7458
1823
8016
1285
7061
5966
3641
5801
8888
6355
2880
3517
6025
4784
467
4111
7878
6962
5478
2103
9042
1728
4156
4870
3344
3858
2942
1338
4328
268
4874
4237
3678
2469
8129
5399
5210
6327
3795
133
7697
2452
7561
5936
4571
9466
5213
1295
5550
6428
7234
7475
1124
7185
719
8325
1002
1826
4865
7505
2451
3456
577
9282
3252
4844
3925
7965
125
4329
1159
6256
1329
8764
5008
588
4532
9177
7738
8842
3443
2881
8045
4628
5110
5100
2241
6732
621
5403
7649
4067
3200
6748
4777
2088
4420
2421
5357
5994
7379
5718
6293
7480
9297
7694
9313
6869
1665
7822
6758
2061
3951
5014
8052
3375
1216
152
7092
1763
933
5803
7141
8015
1090
3934
6050
3883
9106
4399
1463
2303
5619
3759
5257
3931
8383
5306
2221
9326
674
2683
7729
3834
612
5470
8778
8595
9248
5883
3658
8998
5314
4820
7314
6090
6766
6787
7580
1144
7550
3742
2914
2992
4714
6544
1722
1904
5968
2213
8495
3000
4226
4357
6659
4859
8077
3529
3127
4641
7771
4819
5612
5642
2301
518
706
5972
3563
5723
8406
6317
1064
6271
2634
3369
8692
7625
2922
7255
8173
1986
1339
5634
1186
2076
1599
8706
5105
7704
816
3301
2983
5854
7717
5862
5076
7268
5187
9496
1922
6142
8061
7804
6700
7597
7392
6473
7264
5765
4919
8012
6256
4674
4770
5641
7589
288
2530
6669
958
35
1247
4238
8588
1986
487
6081
1148
7990
1428
4535
5715
2268
4453
5944
5043
9433
1211
1417
4646
4310
3086
7792
1914
2524
95
3973
5872
5740
2552
6671
1043
985
2806
846
8626
8020
8304
2601
1554
7233
6106
3125
1145
6812
3082
7189
4743
3722
463
4528
2667
7783
9442
9457
7720
3072
6938
2822
786
2154
1785
6573
6204
1166
1001
3070
3167
6424
8453
6333
248
6956
1851
4237
5433
7788
376
3320
6941
5516
6316
3439
6431
7731
4589
6345
8752
6087
8075
8819
8032
7417
2928
2541
3580
3162
8282
5545
4202
3474
9170
2702
8788
2768
6337
1948
7498
4402
6134
2991
5190
1064
5623
3554
8509
7083
7221
9487
7284
933
3871
4748
4170
7052
826
648
737
4350
2311
1913
5625
6342
9450
1954
1324
6640
5908
6178
8260
8956
7205
1680
1092
1641
4719
6940
929
2820
2835
6995
7098
7676
3821
8223
8747
1268
8487
5555
5438
3594
3931
2439
3404
4264
2178
5415
6502
4448
694
1046
2997
5300
8269
1273
2708
6504
2052
1158
1009
1916
8290
1833
1328
1230
7881
5574
3355
5130
8051
2065
4727
1549
8315
2814
7276
8167
4195
5020
9428
3085
7577
3005
8014
6171
2650
3632
2379
7768
8463
7420
1330
8512
9452
2581
2848
179
5888
9006
7015
8604
4586
3658
1952
6695
1853
1915
6760
6069
1667
736
2380
1190
7036
7255
6125
3270
2939
2760
9051
6225
2627
573
1903
2092
819
4404
2064
7582
1480
294
2374
7143
8367
4858
9001
7329
3219
1942
321
2872
7178
3770
988
5364
700
1175
2810
3175
7742
5262
3882
2588
7724
5826
1777
6000
8956
8508
5250
9283
1379
3583
6181
2619
2579
1557
2334
318
5285
9154
7347
4566
2770
2351
3570
2034
5116
3430
4841
103
5693
5572
9042
4056
4862
6887
5495
2892
6227
755
8212
8231
4925
893
9444
1220
6962
1400
8763
430
893
4808
6865
8989
1509
648
1565
3176
9332
6755
6672
1738
4636
1404
5505
6314
358
9159
3731
1655
32
7608
1889
4005
3188
4243
7546
3386
1676
5418
1196
2778
8753
5724
2432
554
8904
2838
2044
4579
5108
12
5502
2979
7337
2816
8125
8869
4195
1687
2381
1451
3830
7587
736
1413
8298
1546
2848
7149
4112
6650
5369
8777
7068
53
6811
17
8699
6475
8165
790
4324
8770
7773
4248
8086
3074
7000
5097
4249
7655
886
7959
1334
4712
7931
5832
7090
2242
8205
9476
1664
446
4486
1816
1014
7144
8622
8462
3065
9237
9131
3946
7225
4464
405
7056
8312
3409
5585
391
4545
5858
713
6174
636
6652
5901
6078
7085
9314
1418
8965
8810
3097
6367
4458
9288
5789
7375
245
7272
5107
4826
5410
2802
3920
5067
7486
9119
4809
6327
622
2273
4805
9007
1133
1244
9453
1346
169
6662
7255
1542
5682
8790
2024
5337
4243
9237
6419
8779
7094
2894
2581
4642
7794
1128
2867
3743
6648
6383
251
8416
8135
6440
4104
9304
5557
6962
981
2034
4368
5929
9409
7946
3213
4006
6481
414
5968
1289
8003
8193
6853
5172
1988
9214
9291
1973
7508
1064
32
2484
1177
2243
6073
8175
9218
9375
5660
1733
7103
8508
4860
6458
2151
1801
7852
1908
2297
3971
6025
1761
4869
9486
9457
3537
8838
5080
7349
6711
8829
1902
7235
5981
9257
8872
6385
3884
5124
7916
4331
9458
3859
8462
4167
6770
8858
3600
3208
10
3725
4876
3460
3088
4284
8657
2000
4103
929
2775
4842
4374
1375
2226
2753
299
6793
9038
4198
4650
8426
1940
86
5201
1845
7447
4105
4108
6618
8346
4045
4790
1396
2490
1303
3106
4929
4344
3096
4152
2359
651
7944
8788
2753
7512
6378
2426
6415
1803
4392
917
7611
8139
7945
6349
5226
1843
5760
3892
2562
6252
8679
7460
5818
7075
8310
5163
4399
1459
7142
1113
3394
7600
3951
8615
909
1327
3910
2437
1159
362
7284
5749
4900
3156
5012
7372
6552
6442
4862
3554
6907
2649
286
8242
5847
5840
6012
3612
4623
6411
131
34
3558
6234
6934
6458
4076
2008
9193
3390
9143
6235
6949
4159
6044
9000
790
3784
5529
1624
2199
4031
4965
3570
1446
6994
2976
8414
5949
9188
2345
8491
4317
3907
6901
1769
7225
6193
357
8118
6651
8535
7440
8670
7363
1846
8797
5046
1021
4046
9268
925
3594
1474
7343
3099
5747
7897
7115
1927
3018
1067
1633
3768
2617
2239
5676
6125
7853
8261
8765
4354
5795
8793
1219
4087
999
1434
717
775
7471
8746
3749
2753
343
5043
6546
4467
6588
3395
3698
8797
258
3329
8046
5270
1723
8251
7772
3230
2681
7617
1904
1415
8995
6456
7895
8574
3365
4804
4852
9266
8806
1228
68
257
3875
3863
686
2494
731
6652
5048
9166
7205
1875
8533
2248
4171
4559
1643
7633
945
7317
3769
8434
2306
2851
6411
9311
795
5159
1759
8724
8132
3787
1833
8467
4850
2189
8966
625
858
4695
2905
8436
4460
6452
7281
1714
1721
7263
7271
668
3122
6390
5861
7334
2063
9332
7121
8434
7527
7619
1338
852
6310
6348
6665
4412
6334
461
5815
8180
9126
3185
237
2213
1911
8304
652
3466
3744
9298
9315
9140
7472
3210
7248
4208
7003
7481
441
4847
833
9473
9029
1963
3921
9059
1434
1912
5533
2179
7436
2422
4968
6482
1076
4387
7749
5356
8915
3785
2406
6750
9184
6261
8597
6907
6921
2959
7122
4387
8809
5510
7696
6267
4691
1344
1975
4720
4646
3175
7331
4664
6122
6272
2510
6522
1938
1845
3214
7535
7373
1821
2925
277
7652
4435
2443
2157
6957
7612
5120
837
130
6583
1220
1655
8273
6192
8381
4370
7428
7374
6238
4435
7781
1369
4121
1141
952
90
706
4281
4888
8698
5375
6060
7860
8175
6694
7378
7672
1459
4697
4525
7313
638
4002
2521
7994
4471
5278
2582
4052
3799
2717
236
169
6966
1033
8170
4053
8416
2402
2083
1225
6559
8446
7394
7693
895
2109
4360
4933
3947
5469
989
3937
3784
8901
2139
283
3132
4944
6744
474
9219
7025
1308
5337
3414
534
2778
4201
3674
2406
6047
8731
8885
1771
2157
6442
2548
3136
987
7117
760
5292
3310
6726
6911
2278
4175
4524
5947
6882
2640
1087
9427
340
8933
1398
3590
9499
6969
5036
5455
8644
2319
3859
6795
2750
291
3
9135
6476
4245
4164
6211
7502
6928
7592
3984
3404
4248
1388
1777
2203
5450
157
3689
8010
810
243
821
4790
2939
5498
3817
4655
3771
8681
7978
7635
1589
3264
3050
4848
1136
6333
2104
971
3230
2891
1323
2323
8079
2112
8282
6957
1377
5074
4431
3038
7800
673
8476
6874
8943
1239
6207
1868
4221
2853
6550
6974
2051
2321
8519
7453
155
4857
4650
374
1918
2548
281
2924
1238
2632
1717
8762
9290
7277
4983
3672
3513
4056
2978
6334
3262
8260
5993
4269
919
7962
2297
2515
2092
515
4600
8226
1142
7404
2745
5813
818
1685
6836
4290
8944
6424
5695
3912
3509
3994
1954
4757
8912
7467
3300
4088
3732
4203
6251
3870
6916
3176
4450
3950
5334
1832
1543
6455
3298
7621
5171
6922
6739
2888
4105
6750
1250
3943
8303
5501
698
3961
2965
8188
2805
8328
7362
8002
2317
510
9245
849
6373
5481
5419
195
8883
3614
9302
5525
3801
2697
6777
614
4624
6208
4381
1275
5697
6881
6154
378
4496
5262
2519
7225
1700
7220
7779
5113
5065
2024
1611
5313
3404
2767
5440
2101
1496
3604
963
927
5974
7112
4770
4957
7951
4857
2098
6837
8486
3580
1143
9399
1109
3930
1223
9245
3262
4190
7019
1689
4935
3437
8753
1467
8747
3291
2078
3686
1584
2286
8380
5958
7814
3089
5711
1907
5666
4795
6210
9025
5972
4826
4175
1372
1651
3887
5203
2252
7670
6000
4979
7706
3864
5210
15
1457
4134
7764
5661
772
1157
6660
3855
4569
6899
2945
4923
1512
7666
9447
6243
5446
1936
1183
6209
7013
879
2487
3209
256
7932
7999
9099
264
3016
7621
8845
8027
871
7199
3008
2576
4901
1783
7195
608
6360
6599
567
2208
3983
8331
4987
6709
7428
3765
3774
8161
5084
5889
8575
511
8897
5946
2286
8507
5251
1040
8863
2892
2692
220
6775
7410
8941
5709
1215
7976
8849
5465
6926
6811
7044
4397
2029
9485
6374
4454
7393
8734
7428
53
4568
8405
1328
4854
7676
2947
1244
4230
7477
8128
1544
2258
2184
7495
8961
612
3705
7704
1959
8404
542
8897
9351
5436
1532
8947
6566
3002
4239
6139
3937
2611
1236
1729
7921
5051
5850
1291
3268
5578
5867
9084
6263
50
6028
2109
2572
891
4696
9157
4216
3479
6223
3949
6926
9256
350
2285
1114
2911
4792
8999
1888
9092
2598
5127
9237
976
1496
8157
3919
8515
533
1343
8338
9460
669
5132
220
1846
3200
3006
4131
592
214
6937
9074
7509
8165
3958
6780
5975
4019
4419
649
4430
1532
992
8922
4574
5621
1007
5765
2378
399
1881
4792
9419
7951
6610
4383
9069
7788
1032
4625
2000
719
8431
4171
6407
347
7067
3979
9102
8288
8704
1071
2559
3261
4983
3095
177
7418
1367
2738
4592
2666
6459
421
4288
97
1294
1834
6376
7046
4845
3764
3794
1541
249
7612
3131
2219
566
1295
6998
316
2096
6475
390
4077
8201
5085
6204
1618
2259
2241
4054
7604
4500
2354
8126
9244
436
789
8720
2273
180
3163
8064
6724
1617
7094
2511
9337
5187
6785
2097
6867
3848
8942
303
8168
313
9065
1728
3798
1624
8503
6150
1474
7433
6146
8795
5744
6187
979
6139
2393
7006
6154
9027
5737
8232
9049
9133
3740
6117
3692
519
2544
8900
3361
2326
3934
1707
2948
3945
7046
3406
4256
1406
920
1645
7813
3409
4455
2009
1677
8287
3282
4925
525
5442
708
2250
5801
7948
7414
5628
3232
661
2815
4480
7759
1004
6059
488
5533
2714
1852
5377
9492
8109
6783
3809
5695
4976
8016
3240
3899
3251
188
7681
5309
1591
2448
3427
8306
6788
6406
6061
7514
7507
797
8836
9299
2735
6163
4699
6301
6304
8983
7373
8955
3247
1113
1116
1461
8945
1981
309
8301
5747
5275
1741
5313
8731
1806
3379
591
8434
4472
3871
7265
1581
2658
7811
6320
8229
2118
8041
4471
2054
2861
8822
9320
7561
3180
7642
8238
1820
3614
1680
311
611
4963
8913
4146
4789
6509
7361
3873
1592
4380
4903
7233
1822
6041
7575
9079
5925
8536
1757
5151
1450
9434
5128
5796
8121
1082
512
1738
9097
2884
1473
2692
8548
1928
970
4814
8646
598
5947
4
9196
7422
1263
7582
7955
6351
1634
2536
8107
7681
3535
9401
3646
1263
6106
8503
2993
6172
3245
2009
3915
5455
7972
9013
2956
7122
3103
783
1950
9180
2332
5408
924
6106
4998
4569
4019
3055
5654
5958
9207
3349
560
4498
6130
3380
2370
553
4364
2215
3109
7568
8735
6610
1065
6230
2737
1729
7000
4216
1084
8796
1447
4221
1414
7240
7918
4084
2896
4370
8261
7498
1409
3116
5427
3536
7411
7576
8206
3537
4814
2610
7989
5586
6820
5189
5016
4231
3138
6254
7106
1010
6025
2789
6482
7678
8973
3252
9435
6982
8511
1036
5248
1549
3910
3314
1973
4722
7505
9407
3076
9068
6555
4060
7889
5587
8748
3625
3817
8588
6579
6395
4721
864
9333
3548
8983
5724
8165
4958
6849
3004
5411
3139
671
7273
4548
3468
3113
8769
3008
6479
3194
1282
8695
8603
6171
4996
3740
5602
8167
140
1260
797
8119
7198
5788
5344
5499
8443
4459
1010
2601
1168
3138
4626
6695
4306
8265
5308
2131
3495
6039
7145
5917
1783
8143
5169
6345
4008
4899
2627
3760
9064
9413
4844
6607
4404
1625
9098
6
1267
8537
5588
51
9321
2757
3055
6073
5894
8280
3251
7352
3835
4903
8295
8789
7626
921
6476
5491
7611
8479
2917
9058
532
1375
3625
6362
2203
6140
1446
7780
7431
6381
5977
7445
4227
5151
4046
588
839
3689
2565
591
5585
7451
5105
1630
4613
8331
4039
1084
78
6509
8635
1346
9411
1097
1738
5502
4166
9263
7415
2797
4524
806
2643
8010
8923
7110
2420
7375
2690
5432
1479
2253
5777
7164
2758
6620
4786
5964
7865
6296
5139
3344
5370
5737
8983
8146
7532
7674
6549
4456
573
6393
4430
2476
6331
4719
5188
3019
2337
538
4035
7438
127
649
6684
7694
5699
555
8946
4472
3424
7804
6212
1637
4337
1665
1642
9332
5424
6051
9220
7943
6877
3876
1125
6875
2325
3550
4198
37
3056
6976
7697
9229
6927
8667
2789
1309
6164
78
5552
7247
4491
2831
3341
8816
3525
3423
3673
8870
6848
6580
1004
5857
4731
2269
5997
287
5578
1507
8441
3678
4569
9383
4582
6267
1153
4516
6557
5672
2259
587
5106
5129
1718
6478
5336
792
7657
567
4880
7381
5502
78
5344
8170
1322
1510
3629
3369
7136
4584
1370
4699
7353
6009
6860
695
4390
3352
4554
208
459
4664
3862
751
7933
6008
7491
8979
9486
7565
2786
3815
7804
3912
6236
3030
299
1549
8870
4891
2660
6552
1148
7159
4472
5364
6124
7469
23
5057
1578
4596
3674
7839
321
8648
4271
9049
8985
4734
9072
968
1345
9178
6504
7454
3665
5696
3221
3896
7344
8951
3831
1924
9007
8699
3969
5954
1622
9153
8370
4833
1949
6669
7984
7370
4867
9007
3874
1478
1127
9068
3038
2122
9063
3768
4412
4549
3622
5325
760
1689
2359
9496
3231
4702
8792
4575
3057
3276
1809
1095
5609
7696
4765
531
6378
7210
8159
2390
6913
1046
7471
6711
8408
5858
4325
9015
6374
2212
2927
8057
1938
8305
3110
5002
6646
7154
7998
6146
4647
4258
3542
7808
6855
4693
24
5373
420
7143
2235
2621
6556
7786
2331
1523
8919
7355
8762
4294
2660
6608
8872
3895
4028
3480
4430
8545
6774
4766
2965
3717
9068
872
4269
578
1679
6624
3785
5368
9429
2837
3469
930
1243
9345
6367
5142
7523
7862
188
2430
4268
1828
926
1392
9029
7126
4663
3149
8897
8877
6269
5940
4031
278
8178
7215
2031
8422
1884
7516
257
7948
490
5790
898
8560
1861
1918
5755
8968
9449
2217
3269
8616
4964
9383
9291
4039
217
1291
2217
1836
951
2014
7489
9023
7493
1482
2994
3238
5162
5957
8113
6876
6750
5518
6565
6569
6935
4215
3795
6435
2530
7909
526
6305
8598
2862
2546
2391
1928
1326
8120
2505
6146
2156
8630
5573
1817
3539
5043
2212
2030
4682
6981
8257
44
4009
8221
4635
7440
8127
5948
7184
6131
1848
3413
3026
3645
6771
2771
5353
4839
9222
5176
968
2074
8658
3168
5854
2980
9278
8700
5669
6964
6139
1292
479
2009
7747
7768
475
292
7508
8814
1743
7160
512
5389
192
132
6826
3585
7491
3907
8123
6939
8684
8948
6511
5338
4968
4480
2052
6732
2401
372
7458
2751
7081
2305
5556
5895
1479
6784
3434
5232
3808
3516
2184
7194
5010
5095
2500
3141
8187
3676
7105
6132
8921
14
2884
4002
9229
2937
3999
9291
1491
683
4821
3945
8013
7312
844
1078
6619
5627
8163
2103
1439
3068
1848
1883
3897
5674
49
4083
8179
1414
4024
3550
6308
1411
1513
5932
9171
7533
6861
2656
5875
4292
1076
2019
6437
9386
3575
7741
7790
8553
7233
3794
2883
3772
6477
7442
4499
9442
1797
6662
7657
3072
5149
6755
8572
2036
8777
7621
616
3762
2669
2173
3829
5248
3477
8780
8046
1218
8362
1917
2972
4015
6816
1630
3410
3352
5961
3682
5859
8770
8055
7982
2218
8320
290
8246
7161
5167
9157
3473
7121
2869
2087
1773
7546
6293
1262
1129
6960
645
3044
7004
9090
1904
5597
8502
1227
7163
3402
4775
158
4006
1412
1472
959
3432
2517
4319
4180
3367
1724
2663
194
4910
4039
5508
9398
5021
2431
3957
6651
8135
1389
1679
1915
4224
2564
3711
781
7894
6150
2461
4302
2707
5895
1356
5394
3517
3661
3630
8724
3544
1756
416
9175
8641
1210
4022
4287
5123
5545
6313
2639
4204
6169
4070
7799
7727
8869
7449
9001
8393
1787
4204
4099
1547
1469
7797
176
5894
7314
8234
7922
4658
3991
1187
1987
8609
902
3807
580
1900
3064
5520
1916
2160
4024
7562
9175
1558
6563
1695
1748
612
6424
5968
1584
6405
738
9100
5596
7549
2712
6873
4929
4018
49
6488
1220
8611
9181
6383
2966
7606
3384
523
9254
1682
7386
1273
2863
5508
1291
8405
2188
5103
8182
6477
8565
778
4241
4968
5480
1812
3072
1138
3982
8839
9255
305
2261
9443
6130
686
1931
2579
3300
7706
3721
1139
2008
4521
5997
8281
4561
1928
5290
8777
883
4319
4471
9256
5663
1174
1659
8192
5940
645
292
5633
2969
239
2409
6329
5337
4640
7875
9143
3409
6936
8988
8423
380
1192
5640
7757
8028
9044
2778
240
3793
2070
4345
7377
2668
4453
7652
1044
4114
4570
7611
7453
6511
1629
1214
93
5238
8493
4500
680
5843
5085
8665
781
5872
1124
461
8989
2341
8640
8888
5325
9218
8002
9055
8632
9167
5382
8413
8650
2237
5653
6844
1834
316
2977
3874
838
8241
5466
6421
5956
5609
9070
3046
4115
8459
1519
4006
3380
775
864
1827
991
1528
8388
4518
3942
8550
204
3476
8464
425
8214
7602
8632
517
3039
1110
557
7583
2589
8503
7190
9340
7607
3337
7267
7005
2779
8010
2302
3059
8061
7557
7949
7810
8274
7062
5697
5042
3324
4847
4831
5002
2137
3886
9208
6957
9196
9098
8026
6774
9247
5696
6587
5255
6563
3828
42
1750
6334
5830
2692
5397
8535
8661
2222
3021
6689
9341
4676
446
8861
7824
427
1020
6162
4707
7908
7133
4435
2798
3553
5804
1648
3856
8413
8888
563
6656
2604
8959
9170
7709
5377
5125
8541
6742
3747
5847
5597
46
4851
2500
5112
3896
5960
2204
646
2205
8994
1273
49
7162
8625
5188
2257
1790
1942
3020
1722
2833
6064
6198
4462
3988
4961
6622
9108
2358
7876
433
3467
8374
5551
7100
5425
4319
9249
309
8183
2397
6622
9045
294
5606
1968
6254
5564
5842
9386
7834
2805
8411
8232
1597
9105
5650
8457
4561
3047
8379
885
5708
181
4915
4495
3376
4943
4073
3268
6646
4998
3894
7802
3384
5985
8066
8476
4186
2506
9472
6931
8968
7863
3458
7918
6083
9309
6015
5491
445
1627
5986
6553
7719
5436
4984
935
7906
9190
7414
9003
4229
47
2108
944
5471
8742
3798
5081
7505
4924
7210
6499
7995
3389
2038
7203
988
425
772
5265
2451
9343
6555
2509
3150
5017
5102
3223
1838
5691
2321
42
6818
1034
2688
4995
8417
58
4577
8145
249
3628
1245
3781
2550
2190
2722
8554
3748
1845
6004
5359
8503
2408
154
2477
8045
4850
264
6280
4206
8282
3616
7723
939
3940
6122
224
7659
8885
8089
7254
9156
2643
8663
9297
7634
855
2628
8701
2912
2080
7652
235
8944
2225
8103
2197
1216
57
3519
8805
6600
3902
5137
4496
1629
5867
4129
6826
5
7286
6768
5278
7333
1666
7847
6996
4867
567
8539
8914
742
8372
8227
5651
3503
4843
7530
4897
8376
6312
5542
8315
936
6672
8390
622
2477
2552
9333
481
1330
6961
6723
6767
5872
2807
8042
7073
8061
215
8886
6454
2836
1516
9349
5222
1556
8077
7491
7992
8655
4873
5701
7292
5967
2263
5193
3729
3090
6636
5258
3257
43
3984
4779
9093
7777
280
2923
7464
9247
111
1522
2553
7425
6424
2503
1677
3071
1540
5605
283
723
2654
4677
4110
6253
3943
3911
4381
7720
9057
5605
4518
3492
5644
5074
3922
512
4587
3230
3634
6430
3094
4755
78
2101
6516
8760
6966
3407
8672
7478
4174
8951
1713
7181
5544
9122
1474
5429
1477
1071
8845
110
4569
3696
2944
6697
540
3422
2158
912
5570
829
7248
1530
4831
6024
1620
4205
399
9000
8860
800
9149
6311
3392
5362
3099
7145
3525
1997
1775
8539
4046
6276
3153
8504
5465
7484
1676
7733
7464
8921
8928
6665
2946
4257
7018
8958
2872
401
1872
8700
2900
1741
8123
8007
2133
7623
5645
5139
4991
852
8457
8304
146
7691
8747
8388
5450
9182
6286
4451
2100
3039
2736
4618
8876
5293
6068
5124
976
6300
5211
2633
7878
3403
1181
8392
3723
8424
6520
3588
8834
4330
996
5559
6419
8568
9149
4275
1697
4193
8918
3111
1800
4288
2987
6235
7173
9085
156
7544
8000
7935
5790
8283
7215
6795
8763
1412
321
5202
5956
4203
6570
10
2471
122
7387
7626
2573
4038
6982
3376
7899
4573
51
4528
864
2333
6445
4539
2500
952
792
422
4932
4988
6985
7589
1329
4993
2689
9008
3411
537
384
2362
7011
3899
3445
4533
6475
6445
9102
1470
2306
4509
2500
2434
7875
6156
7310
774
2638
9039
3580
727
4089
5806
16
5705
3511
502
3370
8975
7371
7045
8835
8561
7601
1777
5888
838
5085
415
1056
753
5551
4392
1913
2766
6844
1103
4353
7489
8075
1729
5693
7400
8574
4849
5199
2595
9260
503
5728
1258
8819
4148
204
9218
6655
8164
1730
8236
3301
8017
3585
6895
4638
4824
8465
677
6752
6479
225
170
8247
5962
7257
1341
2058
7043
4971
3331
725
540
1958
2138
8475
6390
407
1471
6873
7413
5054
2256
8194
6103
5697
3653
8374
3819
5852
7142
878
9084
6943
1615
7770
7891
7077
2549
8461
7633
8175
4561
6122
7445
2342
1117
4432
2503
6623
1678
1305
7898
8255
4221
196
3256
3027
9372
4361
2380
8662
4138
4554
5881
9282
8625
1015
10
5341
2028
2684
7490
8544
8952
7391
2459
9211
3662
1385
5662
2180
4208
6777
5209
1675
7412
6316
6585
6803
5258
3953
7363
8283
9144
1461
2271
4275
4553
5615
3613
9041
9223
7262
9204
2785
4674
4383
6092
3177
42
2802
5000
7707
497
5802
1009
8817
9223
801
8994
1198
6736
8059
7052
4611
5448
9234
3178
2805
8837
18
7323
2894
9201
4255
3312
267
4249
2152
6918
8908
7379
3984
7456
5540
1917
3460
918
3369
8341
6115
1130
4412
6698
7446
4420
6554
3463
8673
2001
1102
5242
3896
4452
3358
778
6135
4250
717
8747
1064
4156
6424
1625
7762
5851
7582
6364
5919
844
3439
1703
8583
3814
7128
2999
3996
7637
2632
9248
8706
5625
6770
116
7308
7700
2159
7483
4999
553
5908
7102
8555
2370
1349
3851
536
277
2258
2394
4066
4943
5202
4340
6012
5050
1071
2357
4351
6533
8409
6512
8694
8938
6106
162
1184
1303
6663
8811
3202
590
7876
5275
9491
5836
7311
8129
5266
3561
3635
3303
1426
6939
4732
2493
7246
5573
4044
9227
9424
8243
2653
5742
4768
2723
3353
6962
2590
1694
4355
6675
5860
3612
8568
5042
9322
1443
2410
7568
4189
4924
5586
1474
667
5757
1864
9152
4157
7964
7480
5696
7355
4363
1844
5722
824
8897
3816
2743
4231
8107
4316
1790
753
1673
6656
3247
5526
6781
1594
4439
2432
5038
5954
897
3209
7772
6746
7800
662
7110
858
6250
2155
5093
4282
2201
7275
3931
3983
400
8622
1296
6200
5017
7278
5395
1761
3526
653
1420
7379
7998
5319
5019
7628
4539
2015
8932
1502
7346
3951
8032
7543
9395
3422
2325
3487
4070
9008
5307
4317
2679
5365
3188
3117
6267
5490
1946
3967
3675
7731
6311
3758
6770
1018
1046
7527
8279
2099
4181
6648
6829
7103
4502
4934
1628
7638
6540
2495
4254
4179
2910
6527
9282
4722
6707
6021
5032
7770
2643
5453
6822
3134
4118
7373
1967
5470
4655
3052
6574
1447
6955
1533
418
2103
1340
8036
1741
8028
6680
3298
4756
5140
4263
4872
7314
1262
3690
5434
8833
1076
346
6624
2022
6368
8405
4645
5999
5474
8252
3742
9064
7460
7798
2139
8016
8497
7985
4452
3634
1111
4691
6681
6768
7532
4948
3612
5391
7693
3903
2047
969
8438
767
5203
697
2966
5780
4014
4317
7299
8199
4250
1561
8569
1031
3395
5363
172
4858
7983
8803
2809
4940
106
3903
2622
406
721
5285
4018
4424
1447
5657
3735
6937
6215
8877
5500
8048
929
9494
4151
4188
5764
1777
7312
1444
2717
9212
6836
3642
1649
444
6804
9247
94
5408
1050
7580
7232
3480
7799
7115
160
6764
2844
608
7839
1575
5194
575
5212
3376
5208
3577
6411
1452
787
8107
3037
1586
4750
3506
1741
289
7881
3948
2390
8916
8229
6004
3640
3576
8950
8150
2897
1078
5391
314
356
3240
4663
799
2008
6914
2377
1144
7355
6758
4423
9231
3771
4006
4553
5802
2911
2390
1856
7860
5488
1342
8590
6399
1702
6845
8224
1892
8846
5416
8374
4189
7465
5422
2512
7575
922
2741
5563
8637
3465
6639
6812
8316
9144
6259
7885
4237
6160
3394
3961
7649
4197
6151
7693
4856
1893
4987
6580
2489
8466
3745
3385
682
1731
5870
3037
5499
4972
8572
7996
7982
4285
3855
4869
6839
466
4581
3010
3197
2028
6475
9359
1737
3094
8473
8886
7645
1091
7185
5072
8346
231
3814
4290
8356
513
5904
7010
872
3803
64
943
1769
1578
7701
6364
2974
2498
4849
8881
6419
646
5191
7303
5899
2437
2595
1306
7259
6376
3717
4822
3173
7392
8702
4083
5636
9228
4863
7847
8128
708
8612
561
6414
3473
6619
1451
1183
5857
1454
5353
7886
423
8359
9289
7475
4112
1086
9208
7281
537
3561
6187
5276
5209
193
8827
4498
6983
5453
3319
9085
4345
4660
8439
7895
3121
6847
7655
3492
9445
1453
9398
6652
2734
4300
1261
5761
3785
2124
1620
3972
7949
5158
8991
4098
7022
9052
4183
3749
599
9213
5707
7833
9336
7841
7546
6053
8719
62
5427
5423
2604
2713
7265
6593
5080
8348
8222
7949
9186
5789
4123
968
6821
3169
4145
6263
6339
6138
1713
3314
8708
4866
1123
1450
8048
5030
9385
5899
7190
2300
2321
8203
2612
6258
1577
8067
6380
3100
3490
9180
8301
8396
3467
5657
2941
2544
8607
7731
7860
4908
4735
4437
6329
8910
2147
559
9404
7180
5277
1747
5675
1881
1499
2013
4262
9281
6698
3604
2195
48
7203
1712
6808
5129
2566
2778
3508
528
8899
1150
8665
7161
5597
5113
9378
4075
9078
2857
834
4678
8417
5910
3145
8953
7526
5095
8899
441
220
6081
5716
5875
978
971
6050
1037
4004
8831
470
81
1438
4453
2690
3785
1885
2275
8208
6035
1537
3454
7848
224
8113
6160
1953
7092
8830
4118
970
1483
3216
6625
7776
8331
5022
7412
62
1827
3843
8710
7520
2435
8775
1870
6127
1081
4237
1259
1375
8980
52
2404
7004
1623
9433
9400
3822
9078
7070
5571
9286
4806
781
7257
5014
9259
6837
1707
7298
5104
1293
6025
1370
17
3624
7287
6000
7932
8756
6932
1086
6831
31
3117
7253
9018
8289
2783
6921
2671
1500
6553
7761
2426
5231
5804
1527
5466
4025
3512
577
1863
1370
1456
3039
8917
5615
307
3961
8727
7555
3235
5026
8044
5074
7115
8063
4434
7246
1884
6377
562
6466
9252
1941
4060
1979
2940
7063
2142
6599
3032
6315
708
8324
5261
1184
8545
2045
4510
9078
901
8976
2308
1970
3527
20
9297
5837
6646
8043
6952
4523
7125
1501
2316
5932
4096
9431
3623
7717
6013
3099
3537
1016
3624
997
4594
4232
7067
7742
2128
9287
5195
8609
66
3463
5008
3486
2323
1457
8267
5141
6255
3879
8094
8573
4058
1353
1632
6110
4497
8453
1000
1184
9277
4687
6298
620
9087
1060
5505
7622
410
7669
9235
1037
5754
9044
4474
6544
1498
1802
2271
922
5165
2920
551
3513
7756
4332
7410
4545
1640
5736
2872
859
5227
22
7726
7525
8002
2975
5525
1220
6994
4370
9168
1213
6316
8742
5047
3926
2760
4972
9129
2068
2953
3938
1018
8202
6092
1260
1862
6286
6666
4338
5779
5020
3899
2704
7349
4489
3925
334
5649
5061
4126
5483
3479
8884
483
8152
2145
1983
7703
1175
8610
8235
7380
426
6528
8280
5732
6599
995
1740
247
554
854
6727
6289
7537
987
2407
6400
4724
2430
6705
4453
104
2058
6882
3128
43
6866
61
6913
2255
6781
1625
529
9312
5545
9227
3642
7464
6901
3975
4580
96
2388
1744
6622
2885
2434
7551
1141
9190
7576
6224
5679
8182
6449
6115
4351
3490
4060
3790
1716
4796
7795
9388
161
5867
2261
7859
3601
5171
4709
3007
4353
9337
7963
4470
140
1600
769
5341
2538
3948
3527
4117
5972
5083
1799
6884
8699
7150
5236
4131
2387
5126
1638
2719
3384
6264
140
2803
4798
7636
4082
4953
5538
4101
9270
1087
6197
446
8829
3810
3203
5865
4878
7602
5429
877
396
1788
4757
6007
847
1243
3507
7581
7817
6050
2453
6154
1389
4317
4815
7159
6092
9092
662
4935
2533
2921
7184
6067
4428
1137
1697
7025
403
9281
3624
1314
4453
8959
8048
236
3859
7012
5694
873
293
7630
2858
9046
1850
1711
3066
5896
28
484
7962
3876
9067
8400
1169
2359
9258
8618
5840
8797
1641
1359
391
6120
6717
6941
2402
7029
2345
7028
2426
7126
5773
4186
7452
9111
2918
1009
6561
3327
8222
7662
570
971
9086
8230
4116
6922
6077
4650
2768
2505
715
1215
9124
6517
8741
3543
3704
7015
4928
3044
5437
8404
6390
4094
198
2530
5720
5605
2518
9004
7960
4745
2025
7277
6456
4629
7717
6676
4936
8812
9072
1992
4519
2783
5113
7879
6940
5484
2397
8138
1342
8791
9265
6315
1130
2279
9094
3322
3330
5753
2356
5239
1533
3837
6176
3909
742
3763
5196
3262
7224
6708
5721
1234
6491
9193
1250
9352
9474
8017
3263
1745
8174
6307
1317
6608
1968
95
8920
9160
1150
6070
7588
4852
3186
9271
5550
3976
5552
9193
8894
4230
8175
3554
9083
7104
1156
2
5169
2518
6052
8840
1811
7765
3652
2510
8765
433
446
2785
1714
6983
5009
8276
452
2967
3945
1353
4764
6622
962
842
8914
2949
1693
5375
8709
8386
8846
1114
1107
7411
3997
7399
100
4165
5599
4625
5954
1771
5628
8570
6954
3872
8927
159
3329
5592
4617
7409
2458
8282
6416
4601
3940
279
8161
5446
540
4479
4942
6464
3057
9189
1777
2657
4956
6889
2132
7928
8198
4798
5602
2847
8305
7835
5032
7566
1400
4007
715
267
7471
7868
1478
4949
8432
221
2643
6255
8663
2264
4353
7645
1470
7307
4557
2071
5088
1319
2140
5131
1011
3379
2177
1873
3730
963
6060
7562
7396
3656
6938
1445
8085
4369
3228
3655
8490
7629
5876
2747
8235
6152
4858
2070
3669
9432
7413
6631
643
2520
5129
1873
5532
408
317
7520
8498
3428
1095
4851
5193
9072
87
8385
7405
5801
7954
7699
3838
8552
8427
2784
4420
6504
6136
5552
8369
486
9368
4551
447
2471
5232
5628
1197
2559
3288
5310
1040
8775
8541
421
1031
2041
5909
4578
9266
3651
8375
928
8829
7803
4056
1957
9082
4471
8603
4586
9223
4152
1186
6539
5057
7213
5317
7802
1654
3894
5792
4097
3054
680
945
1660
94
4420
5116
6149
2786
1915
2797
8272
6566
3608
7264
5951
3348
7558
6710
7179
6660
3814
299
3489
5988
693
6552
9035
1803
3238
7413
1480
2214
5062
501
7635
1811
1318
7449
3169
1222
2126
4898
1905
1013
8041
1498
2160
6074
8868
1019
3050
8193
2484
3472
235
7889
6321
281
8473
3065
192
1642
367
2316
9426
4987
5643
6864
2385
7147
386
4333
6676
3791
6308
6758
264
887
1263
7238
1866
2904
1692
5944
3542
5473
1060
1976
69
3556
782
5494
9178
7763
8279
6646
5735
2301
5884
9315
4038
8063
1040
7112
1520
2548
332
7297
5947
370
9040
3818
1360
1039
7561
3071
151
5517
2217
7480
6798
276
7059
6516
5622
3885
7531
6970
4038
7129
7998
1155
8674
8608
8127
3047
2847
6142
1715
1014
5844
4040
8607
7667
4017
5282
3096
7897
2769
4572
7948
8214
9256
1987
3868
966
5007
9163
6571
2596
7402
4008
3172
8748
5219
5562
9308
1709
2012
9171
9135
8994
4161
455
1493
1312
7845
2886
3450
7034
1159
786
6739
7074
3166
3927
1869
6880
5732
4934
807
4225
2416
2414
6519
3466
1571
7774
3374
1047
2940
7427
537
7195
8173
5946
7377
3006
6649
6127
7856
3775
2501
1721
3106
7823
1396
6298
6137
1854
2871
3333
4364
5749
5147
7607
671
1322
5328
3796
5250
8721
7846
3028
3237
963
6127
4698
6968
301
5321
5305
7108
6966
7415
1814
7907
690
5547
5074
870
5964
4554
7564
5941
2108
8668
2547
6348
6718
7212
1778
4494
3402
8223
5861
939
8433
1465
1782
2356
664
7680
2692
2414
1365
2522
2603
408
9095
6027
8332
1518
6331
7095
7232
5954
8833
4186
7914
2886
1720
8629
7714
4156
8083
8795
3510
4002
8201
498
1455
6751
3236
3467
327
228
4154
4064
6819
4264
5613
1307
9088
5977
6558
6477
3689
7984
6705
3982
1199
7644
3179
7961
5048
220
2384
3140
7882
5099
9407
7077
5115
6632
7365
5585
3968
164
6111
7478
4331
9204
8057
2556
2774
2857
5873
9008
3817
6981
5503
5675
8904
5375
343
9311
2223
8640
3016
7385
2835
438
2156
7020
7121
7840
5246
3682
8530
2999
8435
4468
6986
8466
9475
3857
7750
1572
9124
2471
5834
716
1093
8482
5063
6267
156
7270
3899
6054
7360
6700
1387
8671
5386
4462
3314
2197
268
3300
6500
4937
1355
2730
4536
1772
6302
6991
5248
7099
2643
736
2856
6750
2140
6247
306
1448
4798
1948
6013
1997
7640
3837
1379
8610
7139
9119
6913
902
683
5592
8179
7437
1121
5276
3206
1881
7067
2173
9388
5350
6762
2086
6854
717
7299
9073
7871
518
8862
1212
5244
557
4747
3013
2239
7498
4826
5443
1107
5740
7926
7829
8036
537
6371
4463
1655
718
5522
800
6441
2945
3585
4693
6712
3348
260
4584
2491
7948
378
6549
292
1095
2650
820
3264
5812
4523
7514
115
3708
7062
1461
9409
5691
819
6377
7328
2902
6918
6983
6021
5016
6933
9257
7930
3555
3052
526
3235
7343
6576
8681
3302
5930
6113
4805
8436
896
6142
7644
6257
7623
8023
9116
6663
6612
3083
3559
3956
1549
8104
2963
9142
5998
725
8750
7282
5902
2282
5284
7561
5383
3671
3807
5945
6562
6667
3913
5943
3810
2068
8160
3034
1741
6880
6871
9242
7960
8278
2194
8780
6867
9464
2051
3438
7364
3093
772
6853
478
4383
5832
2694
811
723
5847
1450
4508
2953
5443
1735
6105
523
9144
6561
6688
6562
6385
5878
8566
4392
8836
3091
3133
2105
3156
3131
3398
637
5159
5305
8082
6063
4662
8705
5185
6656
761
992
4703
8586
1335
2679
8038
1145
1512
3575
2034
9489
5023
4443
6919
5642
3410
9493
6942
8448
2485
3014
5243
2445
1407
5253
187
1442
8341
8064
5235
4731
8177
7496
1987
1823
4511
2003
8041
5637
4234
3939
926
2172
9485
6712
7404
8598
3889
1207
7066
7576
7923
5687
6201
1278
940
3830
6507
1099
6734
5302
1106
50
9227
8165
6656
140
7588
5802
3574
7299
8371
8221
8312
2476
5978
8719
5206
4154
2387
8740
1325
6178
5958
798
3314
198
8862
2055
644
6566
9320
1774
818
6319
1415
1147
1835
4997
9109
6661
3165
6267
9331
8662
3345
433
494
3367
1464
5553
7558
2712
4952
8138
4001
2807
7835
5075
6681
793
2685
2825
2996
7118
118
8077
81
6339
3731
3185
6947
4305
9401
7033
9034
933
2307
3126
6478
1691
1332
7907
8580
4252
4694
252
6985
1174
9184
1288
8425
1630
6527
8186
713
9036
3807
3832
1137
8632
6340
8509
4065
1860
7019
7085
9472
1771
7617
5892
654
364
2592
928
9155
768
8040
1503
1145
7794
8044
2637
2899
1417
657
4794
8192
4878
9318
8228
1715
7694
9054
3788
8245
5191
3055
7660
2117
3955
8716
3770
1633
8271
1642
5460
8909
4770
6144
576
9469
7361
9048
4922
641
8888
7063
1660
4493
6154
6672
2962
3643
322
458
48
9447
2954
5721
3429
8410
5365
3878
5273
7796
3010
6602
6967
7436
5281
2528
166
5742
5949
3189
9167
2216
507
8993
2557
454
5589
8908
4824
5053
2824
6027
8934
7428
9277
9420
2948
3669
3034
454
6869
98
7862
5438
3562
9207
6134
5659
3974
5604
552
6392
7369
4832
8138
4748
6205
9182
6871
3873
8200
4041
1587
9073
7973
3211
4348
4117
5633
7919
865
1440
3522
243
8663
8664
2748
1913
2667
4234
8552
9262
5428
8548
2442
198
1726
6471
5463
1951
5728
2134
5837
4220
1659
9037
6491
6961
5831
2901
2552
1433
3907
824
7447
4637
5157
8229
557
8280
2064
1471
6036
5645
7198
5359
2028
1208
2215
918
6764
3181
1800
2860
3183
5780
5088
1374
8529
334
3597
4009
8041
965
6311
3119
8777
365
5779
1349
4401
2411
7171
7016
2085
4188
8662
6299
4958
6407
8475
5393
7864
7757
6650
8179
8330
4286
2755
1496
6386
8525
6288
1392
3693
2376
2398
5156
2291
6538
1511
1532
7260
4110
2575
3205
9391
2988
9156
8834
4692
5208
9420
8937
2054
3671
9260
582
7726
3478
1316
5047
8539
4875
3926
484
7315
1851
2354
7180
1002
3262
7512
4689
6438
8385
7653
6324
3656
8701
7988
5752
8083
5657
3530
5997
4383
8718
4156
4978
8107
3173
1397
3436
5752
6535
5217
6518
4207
8576
4670
3497
4362
5089
8677
4678
3008
7551
2435
7967
1890
4862
558
1875
1793
2728
5156
7797
6906
963
8808
3196
2938
5305
9205
8166
5296
7805
5507
7702
4261
1449
7791
1577
1674
4936
6719
2905
7821
8914
6789
8093
1374
8379
5354
897
676
4595
5502
4542
7709
7457
3114
5001
6774
8959
5465
8757
8480
9407
5321
9484
5341
9384
800
7668
1872
8874
8187
4998
8356
7913
2201
6615
6347
4281
688
4179
4950
2848
7713
2871
4398
7321
4919
3356
2931
1984
6491
6818
7932
3082
7059
7668
8319
8619
4766
1284
6049
7048
2691
4727
7787
5200
5070
467
8650
5911
8863
8165
1213
8481
5304
8188
9481
1598
2700
8476
4021
6258
2195
5260
1636
3661
6117
5541
4892
4024
3111
7391
6368
870
3872
6866
2341
611
2553
3871
9451
8974
5565
1691
4524
5028
7908
8797
15
8193
1991
5960
5812
6531
956
7167
9427
8797
4139
188
5718
133
3034
8004
7119
7875
1886
2600
2511
2822
1940
5023
7829
1714
5900
9296
6936
7304
8784
5023
4112
8361
9253
9197
2196
3665
3334
8659
37
1917
6465
3313
5175
1493
6776
819
5787
3619
3721
1293
7171
5293
8099
8213
4633
4754
6849
5090
5099
12
6461
2265
2352
7559
734
1239
1518
6754
7358
7501
6212
8890
8823
7859
8838
5399
6640
4321
5647
1884
2333
6997
4251
3968
2269
4459
5099
8983
1017
6339
6054
970
3457
7503
7590
5458
749
1285
6325
197
635
4852
8850
5359
7069
3032
5375
829
9215
7729
5656
3711
8518
296
7254
1967
3498
2720
1298
7764
6454
2171
3210
53
8359
4350
2059
9431
6724
3345
4832
3349
357
8876
9095
310
6522
4166
5430
7118
9060
8351
7266
962
7343
3977
3480
9258
2807
2409
7795
4173
8973
5132
9058
953
228
3417
2678
6661
1962
7465
7053
768
7665
3846
5137
4167
1740
4094
1656
582
1815
8387
1084
4961
1430
6429
6305
5338
3127
3228
8074
6232
4326
1660
7302
5285
8542
2048
2661
1877
2750
8770
7988
1188
4662
9285
6653
1159
7641
4028
123
5236
1349
9250
4075
3727
3881
5032
2713
1261
4690
1247
5934
4230
8892
4725
4706
7063
3593
8035
5157
7023
1366
4643
8387
6807
6589
8757
2330
8250
1518
6619
8925
8366
3029
3463
1583
2029
4918
569
5868
1720
8989
7561
6660
7542
3625
3673
3334
8074
8612
475
2129
4958
5648
5642
4971
2536
1237
474
3866
7183
7863
485
3409
4023
7907
8895
4563
9018
2159
2878
2811
5935
9463
9227
4748
6649
4592
1496
6863
7458
7627
3811
5679
4914
6385
5721
2773
5003
1246
8417
4202
7054
908
2628
9123
4599
2656
4716
5676
8575
2905
1273
3785
5295
4297
8804
7609
5014
6240
9000
2452
4267
5983
6575
2928
7313
4973
285
340
7899
1069
4441
186
3384
6985
13
5859
8606
416
5676
4790
2439
8828
2363
3985
4474
5570
1056
188
271
355
195
1056
2849
5831
260
7443
4184
7864
698
604
7054
1870
4286
1065
5477
7174
4331
570
7288
5358
7638
4956
5847
7252
3288
293
1049
355
7559
848
7744
4139
2546
7377
5272
1159
2700
7413
8069
3458
8432
4109
5647
3203
1128
1312
836
5435
1532
662
905
7958
6895
1075
1827
3549
2991
6777
9421
4146
3522
3731
7222
6029
3385
7690
480
4476
518
2582
7760
9431
1398
7071
6578
3078
2996
8327
5294
3956
1634
1613
6477
4224
3765
7958
5366
7511
681
1679
116
4982
5308
2878
3912
2597
4083
8260
2729
6677
8087
4554
16
9211
9253
4335
4959
7183
6393
5121
5122
5020
3158
5402
3460
1541
6526
5211
8408
3710
6506
5328
6779
6577
9489
9168
3887
683
5250
6133
3811
2183
5013
9048
7686
3109
8457
4955
2350
9217
5327
643
8245
5593
1692
4061
1326
8765
8550
7860
7926
3721
8234
6585
8723
8203
4673
8083
6151
7951
2420
6131
3058
9497
5722
5097
7185
4495
3862
6885
7231
5612
2323
8264
3878
2829
8071
1714
3539
8547
7903
3621
5560
9022
2037
5597
4422
3924
6585
1032
7731
3285
9478
2252
3874
8444
7437
1988
2050
1304
4224
9248
3626
3637
8188
465
1790
102
3645
1857
2823
2095
8939
3007
3129
4583
1686
2652
9170
5901
160
547
7119
7777
128
6130
715
2419
1331
6670
1588
4367
9110
4548
5351
8719
3082
1534
6060
4950
3556
1946
7531
717
4101
7102
4177
2361
7355
3098
5318
4962
9395
7803
6125
7923
7537
920
1782
6818
4446
6847
548
1269
8717
7617
9358
4303
6562
7019
129
4286
5353
1578
893
4302
5074
850
1037
3189
3862
1247
5697
1889
6856
4689
5810
3522
387
1198
6713
8650
7177
5626
7238
554
3857
6515
4371
4092
9406
6731
1900
6546
5783
6048
2134
5990
3240
5658
9461
9281
3899
6292
2409
220
1857
6620
5960
104
884
7837
2701
1042
8012
7416
5181
3998
3409
355
4802
1102
6756
263
9318
9334
8396
2692
8578
6316
1893
403
588
7166
740
9075
1988
3979
4585
4701
1187
975
741
3363
6346
6954
8668
4465
501
6141
7355
8279
2572
7122
2772
1202
9055
1254
7734
938
4430
6900
4549
1008
8371
8896
1363
1358
1964
4697
3989
6760
3950
8469
2561
4654
7245
6787
744
8668
3695
4699
157
2165
6447
2867
5880
3657
8670
2254
3190
3730
5828
4831
9362
630
3037
8383
6941
4140
4716
6986
8083
2064
5518
2404
7654
5813
3244
4637
3392
354
8094
2068
488
5588
992
2658
66
7388
1439
6137
9304
276
4133
6552
3746
7157
1271
2110
2130
4145
8892
283
7401
8727
858
6301
5882
2624
8916
8798
913
5279
3812
8208
5600
6048
6795
3122
3321
1838
8247
5553
6812
3317
1762
5171
9048
7813
4672
8767
5846
7529
5367
8719
7679
9214
8599
6460
2554
359
418
6717
8341
4674
6522
27
9332
5814
2581
4883
2026
1833
4646
4648
5845
4068
4101
533
8024
3429
8321
7217
7092
7585
6911
91
3959
3996
236
8973
3258
2194
1880
87
542
1284
8582
6496
2826
9392
8028
2926
992
1614
4387
2888
5788
4573
2760
985
5319
3434
1550
3835
6494
4147
7115
6806
551
3475
9298
1236
9065
9482
1988
1646
6568
417
1984
1805
3072
9084
105
738
8991
2108
4011
6111
61
1344
5761
3968
6904
747
1798
1871
6822
6057
3491
3004
7714
5784
2017
5724
5000
6037
28
3077
2725
224
1347
7056
8151
7997
2165
5188
1835
2317
4369
6326
6044
9261
3778
4817
9155
5929
6381
6743
212
9322
1467
6822
6625
198
5660
2955
2116
7025
6354
3993
139
4906
4048
5246
8679
5826
2162
3771
460
7797
2094
6765
7908
2296
477
961
7001
4108
7548
2552
4746
4130
4843
4347
1534
8170
2887
6988
8034
1969
3276
3385
1181
6586
2270
6935
1939
546
530
295
4043
2418
4409
4468
4127
5814
2296
3498
4761
8307
7538
4230
6122
7621
4571
6276
1355
5780
2271
2446
2753
8157
6152
5502
9472
2170
1974
5067
6208
226
1171
6141
3527
6246
2683
2667
519
6433
5825
1915
3799
8887
7896
7457
8257
303
8183
4092
9032
3895
300
8138
6964
1005
1105
6343
8990
4811
7563
7298
6874
9491
6907
1900
4741
5262
4767
2978
8716
3971
6866
6934
9311
8052
2322
6553
7123
3932
1171
8764
5855
7920
8101
4749
226
5593
6454
8341
6257
8280
3970
7400
305
1738
4560
5741
2459
3365
5246
4261
5888
6147
22
8507
1742
7470
775
2450
7860
925
5163
4554
698
9195
5818
5701
8516
1346
8825
7990
7033
9023
4550
7377
4105
8609
3828
4115
227
9300
6803
3696
5826
2165
7885
870
2483
7644
6936
6900
8371
2901
3255
945
2448
315
8485
8283
5326
7735
4085
8985
1768
5365
9192
6433
4469
1834
7937
2226
1105
9467
1055
5250
2513
9377
522
7976
2386
954
1100
2426
250
4000
2695
8186
362
3829
1563
4275
8083
7367
5410
4887
7248
4098
5828
9467
1226
3504
3497
787
3487
2557
3910
8085
4354
540
6055
860
23
2266
784
7998
6943
8182
5279
1355
1470
7445
3582
7373
1885
9416
5755
4606
6516
6161
9065
721
4588
1879
395
8609
3299
4487
4722
4903
6400
6820
6183
3683
7259
3294
7523
1182
1991
3539
4763
6688
6850
3354
2826
1749
5934
7430
7822
4874
5400
3127
3131
6853
8771
3192
3810
1465
404
2984
5298
5057
3185
2011
5506
4244
1365
114
6418
8264
1893
112
6584
7116
8649
5681
4542
9478
7851
4167
2206
410
6325
995
5863
4357
6234
3697
7652
8374
3594
2438
2888
6339
939
7564
4184
1668
5097
1176
2040
658
1771
7899
9072
6383
1976
3601
691
422
3539
2432
4523
650
310
4014
2285
8719
347
4688
3048
3237
94
7195
3609
7117
9031
8055
1760
8602
168
4078
1862
9473
4543
3230
7960
2122
6342
5864
6245
2212
6016
6782
1869
7307
4871
4980
8860
2808
8612
1940
4002
3429
3899
8771
2136
7715
585
5508
8956
6678
6677
6448
6567
3981
6902
3640
125
7896
23
7944
8270
5191
2556
6820
5624
3732
997
356
2948
1212
3913
101
774
9186
557
5659
9113
1101
2613
704
9383
6913
200
3607
4032
8086
2803
4329
2225
7465
4771
2121
2529
8632
2600
7666
6776
7781
4079
6764
8878
5559
2584
1515
459
509
5121
1951
6117
9095
1498
7993
7785
5258
6169
4863
2224
2388
9400
4853
2809
1258
8295
6300
3260
4532
5476
5588
3977
4335
8829
213
3426
921
8396
6098
7351
2853
8870
6655
6056
7645
2362
6601
1534
2666
4261
8096
5236
2003
9399
2744
4462
4915
9442
5177
8207
1589
7120
5822
3047
3685
2631
7138
8115
6273
7652
7334
3293
4750
3892
4030
3125
7234
2055
3987
8318
6656
2151
5881
7532
239
9161
1495
3802
6058
1392
8560
6147
7472
1635
2725
6394
3564
3898
5869
1054
4669
9225
4436
3373
4753
4215
4877
1533
7748
8129
379
5882
5804
9295
6903
5623
4359
8962
1784
7087
305
6665
8404
9432
9005
6386
5519
2382
6279
3101
4875
722
6020
2690
