6048
1986
2825
4067
6941
3290
4027
4451
153
3548
4538
2544
4087
6890
5714
1206
2504
6531
4753
2242
3826
4618
4256
5116
4756
3013
297
3938
4336
4273
5368
3191
1238
99
5047
2954
3473
2921
1761
6803
857
2175
163
824
4732
6486
6754
3470
2273
4599
2197
155
5027
3077
4608
6048
1662
1976
3369
3284
705
37
4507
4820
3968
3899
6525
3591
6340
5840
279
6893
33
4722
1128
3095
1509
618
2766
6537
5600
6939
5115
4284
732
4105
6024
1065
1658
1804
657
5640
2830
1819
1076
6878
4721
2621
6735
5885
6017
5010
1662
389
567
2792
6278
5240
388
6611
961
3628
745
3076
4382
721
4714
5890
5428
5482
2237
2341
4355
3560
3389
2270
6495
1554
798
4405
6569
5969
372
4379
1660
5416
6229
6254
4201
912
1263
3723
6664
4745
3247
1789
5932
4053
5263
4995
2217
4519
4859
3200
3260
4593
3465
2788
6975
4187
3818
3936
6103
1727
433
3671
644
4040
5887
3552
4813
4595
657
4615
4150
6390
3823
2827
4839
2478
5081
6666
3826
573
3184
881
3736
6895
2718
1152
608
1549
6827
2146
5637
6723
845
2250
1827
2660
1635
1721
158
5709
1814
3268
151
1863
2292
873
4541
4238
1299
2594
6483
5942
3151
6827
1851
5630
5280
3790
6919
2444
6267
5438
6311
6776
3442
952
2292
4581
5619
1309
6640
6338
4610
3564
6200
6150
5604
4076
3128
5962
2409
1199
4785
6656
6716
5331
6521
369
1947
3362
2815
4933
206
6033
1121
995
3238
101
3820
5209
3795
2945
1287
5885
5489
1700
5
2409
3296
5368
1125
3677
1583
5501
6343
5119
2085
92
822
1685
6323
1392
1836
2115
3209
5774
6382
4752
4452
3621
3102
5003
4736
3288
6223
1819
6744
1777
4072
6508
6767
1456
1512
3669
4882
3969
5442
4909
836
4611
661
2982
277
4924
2675
6707
1328
1002
540
4115
4432
2500
6286
1703
3894
6559
6635
6400
1945
157
4128
3977
5619
4904
2653
1476
2036
6013
6045
5928
958
715
2620
336
2220
5802
4936
1415
743
2000
3309
2576
3270
294
3801
1850
4553
282
2953
5327
6482
3774
6718
1438
4465
2477
6936
4623
3475
3238
3997
1468
1126
4569
2853
6703
996
6990
5589
3461
1001
2157
3335
1826
5530
1519
5082
3623
1900
6012
1515
486
1246
1678
3208
558
5757
6091
4725
5137
6682
2968
2869
387
3889
2632
5998
3654
4833
4276
6121
4952
2131
236
68
294
4153
4068
3118
2754
2604
1578
4751
4255
2777
2707
5425
597
5530
5565
4855
2616
2869
7
5465
3923
1987
581
1657
426
2071
5184
3381
2237
1240
3586
6161
6320
1117
3119
5136
2687
2972
4007
1143
6863
1152
6335
5286
4840
2717
4520
148
6206
24
6679
6806
6839
687
4995
5243
4383
1194
806
783
631
5581
1586
1194
4388
1396
413
4277
2587
4690
503
5224
5418
1437
2944
2666
3962
1129
4055
278
304
6047
6157
6287
4675
6610
6007
176
4960
5527
2082
6426
1418
1622
441
4451
3349
5257
6850
6055
761
2952
3984
5782
3515
3078
1681
2474
2823
4011
5054
6851
2114
5559
2659
1448
1876
1104
549
1956
6563
5752
6112
1987
6410
5471
5323
2736
3464
5264
5043
349
3173
2530
3955
6853
3288
1309
2973
6745
1307
5799
3867
4181
1568
851
814
5086
661
3276
6728
5243
3050
2451
4973
4117
1003
4603
2931
1589
25
1869
5474
5576
2724
4533
6382
393
379
3504
4698
6403
4587
5968
367
1633
109
6974
5259
3677
1002
467
2452
2105
4770
2179
5155
2381
1330
999
1333
5893
4740
5349
2628
3166
320
3685
877
4862
2193
4730
1051
2285
5026
3628
161
5019
4487
102
1620
2512
1767
6969
5774
6626
183
2900
3807
110
3851
2342
3814
6590
6461
3554
3542
5699
5607
5117
4004
4655
645
3408
4668
1234
2972
4548
403
3607
2872
2782
5982
3835
6729
6465
6834
2921
4084
1387
949
4260
5856
4701
3482
1202
6615
4730
6082
2850
4005
979
21
1986
6021
2476
4689
407
3726
55
4945
1969
3820
819
4734
5466
3739
6440
5579
740
5607
1138
2546
4668
4655
2552
4220
807
4391
4904
1782
3551
4237
4384
687
257
4683
899
1997
759
2691
1479
32
2365
4969
4047
1302
2242
4769
3362
790
2541
746
2159
5256
6361
2019
1818
5825
5351
4217
3104
860
4951
6578
5355
5140
2466
596
3794
830
4574
3279
5993
555
2263
6217
2680
2460
3775
472
3650
2950
5330
5442
2604
5524
5680
3960
848
6780
4191
3641
742
450
4053
891
6798
2608
871
3404
2836
1319
5289
1422
600
103
3115
3353
2840
5386
1491
1899
5549
6759
613
5243
6695
1515
6396
5531
5630
4146
5723
1619
2470
4714
1045
777
2718
6680
5341
5910
1589
1756
5059
4541
6097
6328
604
3461
1949
6782
3645
3742
655
3383
5707
928
35
3679
1585
6134
1015
6158
655
4034
5557
2354
5956
3474
2414
1672
729
1768
2225
2737
3049
4639
1416
161
2800
1473
6202
6499
4838
6733
2179
5111
2928
2254
2717
1470
3260
1919
4056
2405
2615
4795
6437
2821
109
3457
315
5691
621
2972
3108
5138
6558
1928
4656
5126
441
2152
1532
868
1396
4325
3574
3454
3960
1121
6959
738
105
6794
5237
1010
271
1810
3732
3622
6093
5946
6561
6445
4773
3919
6011
5803
6422
749
1022
6724
1468
6816
6957
255
1971
3361
4003
2822
3391
1453
2942
5169
2506
1706
5817
2394
6083
1018
85
6115
2991
2370
6755
3155
5047
509
3360
4472
1182
3609
4742
4615
6333
5947
5363
1487
5862
4493
2007
1827
4257
4854
1935
6918
749
5251
4185
4096
6159
825
284
5903
1776
4372
1766
1617
6654
3865
6713
6533
6522
3632
6483
4538
2329
5789
3960
4383
225
6942
2478
50
1233
1327
1557
1116
670
3305
1505
5361
2390
1289
4037
1077
2851
2132
4510
4314
6150
2400
6441
6550
2604
1606
5570
6074
5218
1244
3586
4165
1232
2127
6772
6710
5581
6013
6228
5993
6136
168
6132
4008
2806
1847
3733
2307
1572
4879
4022
6459
2514
4198
276
2616
3666
4608
527
5618
1828
330
5740
5620
5528
3572
4780
2348
1808
156
6216
2799
4271
1197
2271
3842
5441
6959
1262
5708
1160
3823
2867
1471
368
3151
4902
5477
1168
6465
3885
2199
2949
4604
4882
3896
2285
4569
843
3632
5677
3976
6574
2820
800
6835
4806
163
6484
5524
6366
1436
5290
6122
6129
3163
4642
3839
2644
6602
1777
4853
3209
6972
5888
2366
5809
1237
1498
3707
1324
6245
2865
1364
1800
6371
2318
1895
4020
4758
2883
3636
6560
2191
5023
724
3147
3954
3797
4793
1368
4963
2857
233
5790
3334
929
4076
4707
4526
1051
917
2916
3479
4089
2358
972
4880
4797
2587
1030
2647
5986
4801
2768
3201
2170
1479
1486
2017
6550
2282
2432
2589
1677
1895
4970
584
2859
2602
4942
5057
1797
4443
6367
4739
6991
2264
5780
1534
722
3637
4624
5068
5181
5280
6890
525
1647
201
1238
4931
735
3942
5783
3410
4936
541
3255
4151
1340
4619
5796
4177
571
6810
1233
2805
6392
2326
4038
3675
5696
1312
3405
2038
6328
468
75
617
1099
1333
6614
2381
1445
873
865
4527
5606
743
5881
1606
1990
3860
6259
6978
6817
6525
4053
5712
5704
5934
853
5570
3036
5833
6994
4747
6191
2987
5037
2128
5137
5160
4931
5602
6539
6526
1682
1545
2092
5175
6469
6002
2782
3961
1638
1512
444
1432
6256
2633
4059
4475
1510
2343
6593
6347
474
4535
3254
2759
4622
4158
3926
741
3121
5927
3783
523
3143
138
3054
1611
2527
3759
2688
6229
1274
4991
1455
5095
77
1187
5604
792
2131
3934
4100
4930
2715
5621
352
853
2409
1696
6845
6512
3635
840
1708
4906
5786
2159
4550
4975
5883
4888
688
3310
6153
5275
4943
1535
3321
1587
5457
714
530
1691
4744
506
3879
2434
5467
1961
4674
2016
5498
1245
5342
1552
5214
5160
2089
4397
4498
4341
2372
6105
6978
6638
257
6233
6671
6235
3968
5324
1412
1700
5005
4810
3785
2440
6994
2105
4849
5342
1933
4811
3338
2744
3589
259
5616
5184
5038
6686
3446
4171
3327
2167
1594
3922
3580
4147
6204
4967
493
1931
1243
5564
2978
3871
2588
1807
2641
847
2608
2650
302
2333
1504
14
6190
6327
8
4976
6695
6568
661
6428
1279
5630
588
1878
3056
1590
4145
2479
1573
5803
5232
5604
2108
6294
932
523
6824
6623
5570
1271
6274
3802
4169
4218
699
2981
6712
3858
2672
3110
2651
3876
4986
6057
564
1637
5688
398
2458
5760
6092
3169
6241
2169
6472
2299
1613
3264
5667
5110
4604
3666
4179
2646
2040
5889
4968
2643
885
4939
6003
4867
5421
6024
3833
1780
1821
2652
1936
3167
5900
237
813
2288
5120
1519
1648
6954
4916
2539
1701
5064
6034
1998
3607
6414
2425
614
2218
2525
6083
6895
5477
5957
6382
187
2291
5925
1045
384
6485
4630
994
6242
4373
6853
6010
3578
681
5855
613
3551
4627
1808
288
5577
6097
236
3217
6285
2693
1398
1158
385
6059
4670
4947
6497
1146
2573
1878
6426
6977
4421
2896
6188
2752
5396
5227
45
952
1303
5651
2864
5608
1778
698
6589
5661
6837
3971
698
3469
5747
4882
5911
6584
5148
607
4846
1307
554
4117
5481
3010
3489
1675
3654
121
6120
5439
4526
6456
3164
4962
1563
2745
5115
6108
5887
4119
1389
260
4713
2381
3439
3139
3539
2031
6354
6382
5903
1113
5016
199
2295
5683
503
1071
1060
2413
6573
3378
127
6221
475
5494
211
4026
1623
4297
531
3316
1617
2823
6303
2050
2263
2957
4722
2719
3052
717
879
321
2619
6118
5266
4816
289
3967
3675
4264
616
6247
2132
907
136
1700
1252
6918
2353
2327
6212
5334
635
4992
4623
3895
5150
4404
4631
4289
1325
6559
2018
823
2629
6367
4660
4557
1460
2751
669
1381
1949
2556
6739
4654
3584
5616
970
1978
4909
3864
5312
4171
4097
2916
6214
1321
6561
3211
6400
3754
3915
1057
4781
4943
1765
6526
2329
4526
2309
3979
4864
3641
511
4404
566
4115
4021
2396
3074
5506
800
562
4369
2238
1829
6999
3686
3764
4259
6432
5711
3039
1393
1806
1395
452
397
815
1623
4888
3110
984
464
200
2035
6546
6826
3028
516
727
2359
2514
1086
5767
6780
6971
261
6251
5669
3147
3489
3709
2649
682
2395
4530
5216
1810
4561
3597
5264
5957
2477
2730
1127
1389
5004
3099
6675
2983
3714
4698
589
2741
4370
2396
1077
2142
4859
1046
6110
6204
3247
6639
6066
6233
3861
4426
456
551
5166
6254
2193
4499
524
19
3739
6333
47
5596
4869
2183
2409
3379
2289
1687
4273
5789
4431
1995
4893
5244
4078
6552
4656
6099
3333
1559
4107
4009
144
2925
3167
5189
22
3093
1201
4602
6919
236
751
47
4659
2472
4039
6910
4734
6638
5654
1558
1223
255
909
3016
1512
3350
4088
6547
3024
1088
2833
1148
5435
3360
777
4021
4451
2007
4967
2160
712
4149
2137
1289
5531
2590
2734
2470
6632
6108
6542
1643
2298
1956
297
1990
1344
5288
1388
2708
2677
137
3091
2950
1637
3942
6104
1211
595
4325
1577
2427
4184
3061
1200
3574
1935
4982
1236
3887
4003
5229
2420
2600
5337
4448
692
6851
3994
4162
6080
5986
1497
5700
189
1667
5995
6217
5527
868
1980
748
2797
719
2501
1759
6593
4978
2219
2018
2187
3710
1916
2855
5797
985
3467
6918
3337
146
3107
6258
5903
4736
3023
4335
2075
680
3480
5510
6635
1226
792
2070
6342
2535
1147
1017
1599
4688
4093
0
1065
382
3198
356
6780
6897
3378
6922
6534
2663
5198
2834
110
4740
6549
2852
897
6272
5288
3152
471
3482
2452
2913
2399
1399
436
3364
4839
4478
1447
3459
4304
1659
3173
1144
1526
342
684
6720
6334
6311
1247
1079
5496
4473
805
3457
6875
6304
1215
3444
4175
2832
1739
1072
3902
3299
6014
4263
2156
6519
2015
4127
1766
5706
6022
5369
863
1914
2443
6797
6085
4158
3258
4572
4601
3282
2580
1753
4221
6619
1810
6773
4585
2512
2938
2599
558
776
3156
3028
5755
5734
1270
1728
526
4966
52
6313
2154
2307
3507
6723
1814
3086
596
6918
4183
365
5478
729
3428
2702
2220
6001
2094
3622
6894
5138
579
610
6595
2560
408
4793
6523
4082
5635
3660
3411
2396
563
1027
6266
2488
5223
5910
1920
2425
5019
4884
4255
4667
6322
6419
2521
578
4669
3557
5377
5765
1097
6452
2445
2902
4614
2634
2121
3218
6579
927
3247
2176
4615
5343
626
999
3347
687
6915
5416
1772
6060
5722
2741
716
4609
5926
5412
4999
2211
1015
2789
6347
6058
6528
2532
4073
2990
971
3258
569
1019
2013
5222
1282
147
2160
3996
1998
5967
431
6184
5987
6234
4564
2529
6118
6801
5933
2173
6387
2019
294
1812
4247
113
216
2363
5222
793
3126
5968
4129
2957
1680
6077
2183
1395
4896
1955
2468
1769
1482
2925
1919
5008
3793
3461
333
5498
5660
742
3011
3664
3352
3648
1904
3116
4431
1786
4785
6167
958
2663
4463
3233
876
3783
3555
2891
4750
1345
1657
2954
1831
6258
1914
5315
1637
1644
2123
3821
3407
3006
3811
5855
4506
660
1354
6399
347
3467
4277
6012
1119
595
1278
6921
4101
3665
5385
1927
5533
5112
577
1869
3899
5844
4728
4615
2251
6506
1469
3776
2456
4895
6224
3589
736
1676
5289
6855
2599
2243
6175
4228
204
2536
6172
5491
2808
4815
317
6619
2322
990
2408
2495
5208
1526
4230
255
1569
5588
2184
590
2061
2358
4821
5428
3317
5556
4065
2904
15
3965
2442
3123
666
1539
44
1427
3560
5932
5077
1762
569
1030
1154
4459
5148
926
1095
25
1137
6028
5766
6900
4714
2295
3159
849
4647
5033
2534
2060
3272
5542
6779
2165
93
4766
5850
4844
5354
6525
6602
74
3686
6844
4683
4197
4627
3797
8
2976
4464
5672
5085
725
5545
3357
178
4672
40
5981
6973
857
1301
3234
4117
917
3721
5519
3794
5978
6424
1109
5003
485
981
2428
2775
6154
3631
5250
3613
1511
2577
2459
1775
342
1424
1773
49
4077
485
5838
944
5307
1922
4140
4189
1913
1609
793
6320
3850
512
3770
3385
5713
1457
1154
3610
4198
2854
4839
857
4268
6034
25
4522
890
4122
3738
5096
2003
2370
6927
1572
4605
5636
3705
46
5227
6123
5848
6376
207
2613
4421
1043
3456
2503
5882
5801
4299
1699
3297
145
4961
5789
518
6224
2877
4123
4369
5109
968
754
5212
325
6955
637
2541
949
6768
6409
792
2238
4814
2892
6141
6163
999
2739
3001
5566
5319
3763
2308
120
4563
4167
4582
4471
420
5672
3686
4201
6839
6731
2977
671
6114
5643
3083
1613
3028
16
174
6846
5442
6264
2324
245
1498
4049
2770
566
2702
1104
6099
6018
6502
1748
5189
3362
2730
2236
2397
2650
5563
863
1098
207
4757
6234
5272
4067
4660
3747
3700
4109
4263
3365
5783
1510
373
2532
4057
117
3442
2880
1307
2005
2190
2703
3584
6988
4747
4491
3121
5868
3562
2531
6356
6287
5273
1060
600
2923
1642
4880
5264
5125
5706
6375
3673
4897
3036
994
1786
5952
1338
2471
135
3314
6575
5181
906
507
92
3793
1063
5938
14
3834
3001
6724
4024
5519
6238
5848
4443
5505
1333
6155
710
1283
6543
2891
5019
5237
6553
1641
6839
2967
1436
4792
21
4475
3799
4218
3145
3875
4714
3353
868
4274
1999
1226
2985
5046
5591
3270
3658
3827
5815
5083
632
3595
6381
6680
3845
5009
1770
4693
1615
1214
6958
528
1564
4306
2291
1348
3333
4308
4767
3012
1448
2877
4761
6070
3654
6822
4223
522
6405
1050
1474
1161
3603
2310
967
5099
6600
6292
570
2257
5422
1447
3937
2249
4792
4961
250
143
4028
2800
2002
5016
5670
3696
1611
698
1883
5338
1097
2048
79
3105
1874
5194
4115
3157
3280
6025
2830
1696
700
6071
1847
3190
24
2797
452
4643
2224
486
1986
2428
790
3777
4210
5623
2226
612
3580
1542
6714
1499
627
1438
5227
3872
4669
222
3324
3069
1261
155
772
861
5494
2104
4504
6664
6038
4155
2154
1941
1820
2515
2168
3865
4800
2349
6968
4830
4246
3382
5502
6744
6247
6515
5418
5680
2164
1428
137
5035
1191
1719
1334
1565
2800
88
5084
2031
6336
982
6411
4496
6014
5225
2820
295
6900
4871
4907
2110
1869
5391
4640
1338
13
4397
2578
2359
5877
4155
4377
1665
6889
5352
6574
5533
232
338
905
1733
4832
1632
5174
5499
435
4858
5742
3717
4849
5266
6557
3454
6948
3203
3309
5614
1922
6143
6895
1343
4435
320
5345
1968
3727
1372
3088
2847
4586
3899
6139
4559
6496
3324
265
3298
6391
619
4465
5463
3325
6711
6068
2660
4343
177
2961
63
4882
2111
5269
4598
714
1581
1284
5262
6829
2749
761
5153
555
4038
3677
3713
4541
4352
2888
3889
663
5327
6201
5858
346
661
5187
4394
6842
5234
3663
562
1745
6255
4440
6590
1031
4721
2815
6383
3535
5248
3043
5669
391
6895
708
550
3379
5726
4013
3804
1598
4954
6604
6018
6238
2679
911
1494
3610
2572
228
4962
2419
1916
836
2605
3381
3437
6190
7
2433
425
2068
6521
5136
4362
5620
3242
502
5555
4917
6471
3128
4161
2500
5978
2715
6480
4266
1075
4891
1890
6595
4692
3724
2202
3430
4085
2793
4079
4196
800
1375
6572
2863
1088
3532
4460
3312
66
610
4002
3341
5350
3146
3543
2781
2439
4702
2701
3482
3636
2408
312
3762
2427
6088
316
4313
4540
4430
4922
3014
3273
1892
5708
2976
3613
2799
3143
5261
6914
2842
977
816
5837
4855
2344
4437
4764
2683
5922
2937
6391
5021
5171
1667
3956
3227
2136
2280
5253
456
3602
1240
6268
302
686
2515
2062
6668
4354
3215
2021
5500
6106
5730
4872
1428
416
6270
6133
1542
546
445
5935
5206
1197
1922
2874
6368
560
6490
1019
1188
4043
2101
5341
3263
6526
5173
6470
6943
4382
4826
3976
4683
3034
2319
4387
44
2756
6116
5304
4067
1459
6073
6792
4721
3932
5444
6826
1349
6393
1176
6396
117
74
138
5897
3565
4272
5960
5025
4789
5369
6025
4406
1714
4709
1283
2514
4827
2287
5101
2814
6758
3831
1001
6598
3623
3060
4925
1520
5532
6423
1687
3747
1928
5650
3539
796
2882
6727
1522
2219
3177
5230
6928
428
134
750
1274
97
4166
405
5795
3157
651
595
346
1916
3838
848
6321
935
3675
6789
3283
1435
1976
2176
5771
2017
1947
5361
5510
1432
5784
1009
5725
6069
1068
2995
3825
5389
6041
5587
6250
857
2037
6938
590
6640
3313
1052
2827
3715
1964
2608
4601
946
6058
3558
4039
668
6100
6200
5944
6955
2565
1015
6017
2086
6326
5822
6499
4680
918
6755
4399
6934
5146
6594
2987
6261
3589
5148
3407
5105
2820
6772
4476
3203
5809
530
6570
6770
3545
6673
2932
2618
5668
1379
4987
5122
6073
2476
1611
543
2363
6251
6086
2150
5588
2965
6691
599
2853
6324
3219
1901
1759
4061
5896
818
2521
943
82
6607
3638
4311
5967
2072
5434
345
1245
1670
1281
5833
4639
5415
1028
3727
1075
5184
249
6232
5036
938
5237
1577
3289
2818
2073
2839
6553
1595
5703
3442
2185
1742
3991
2400
339
937
3026
4037
3380
2134
5450
3904
3251
2898
1836
4825
2489
2686
6291
6111
2241
210
1994
3846
2742
5765
3518
5245
6171
4849
4758
5998
3211
3252
6440
6614
78
4777
3449
4308
4084
6989
712
567
5265
2893
2551
6903
6357
4860
5719
4886
2039
5811
2576
4144
6981
1529
2762
2324
6491
2746
1298
3823
5277
4140
5348
3478
763
5860
6306
657
3968
2231
902
1616
2886
4853
3706
3477
2475
3231
6297
2040
664
241
6945
313
4251
2075
768
5520
1731
97
1336
4553
6763
6283
553
756
6750
3951
2537
6344
5317
5793
722
919
5031
6620
6448
3357
2246
5683
4373
5866
946
1840
4723
6247
2620
2550
3014
4533
1249
2418
1700
457
609
3244
4217
6899
2923
3516
4843
5110
3879
599
454
4026
3703
288
2397
3629
731
6987
3711
2912
4463
6997
5986
2677
155
6311
1286
4303
5784
321
2736
5210
5986
1156
809
6601
3318
672
843
5790
537
1252
6832
36
522
2283
238
4736
2021
5011
931
1334
6453
3690
897
4072
4541
3897
3950
4057
5492
1234
2186
1344
659
1710
5046
4992
4923
263
278
1948
4784
5108
2754
1576
3820
291
799
1746
2473
5192
5957
4455
6431
6324
4164
5051
4054
3673
2752
1376
4977
2034
398
3727
3831
2031
122
5133
183
3013
4183
1404
1311
164
6857
6931
4721
235
6979
3152
3971
6558
2776
4697
5673
1839
1272
2426
2738
1291
4377
3784
4459
3891
4303
5900
2347
4898
1522
5724
1197
2942
2458
2963
4699
2808
4882
6624
30
5798
1462
2197
751
2312
6690
6470
5656
5647
4312
1945
3716
5537
3077
2357
3775
4922
2441
3090
715
3852
6802
3992
2865
447
116
1796
3448
667
6647
3917
3381
5122
5628
149
792
3971
2093
3219
5646
6721
1281
957
4872
4530
1400
338
6976
2331
3449
1013
5667
4001
3598
3102
4079
5978
5328
4843
5530
4210
1125
1812
276
330
5602
2156
4883
4002
1342
1595
313
5095
4750
3649
5668
4936
4350
940
4169
722
186
6370
5134
1820
1329
2794
3619
2052
931
885
2044
32
599
4346
4134
713
4148
3175
2843
4018
6098
6780
892
766
5355
281
210
4727
1291
1911
496
6075
737
6532
4929
6137
57
1544
1873
6914
2600
4205
1747
6658
4315
6723
2695
4269
4588
6649
6885
4934
451
824
3203
1411
1773
2457
1518
1892
2635
3951
584
1299
6993
5855
4783
5813
4033
308
6782
1750
5131
5631
1274
1379
3524
859
4867
593
4801
5262
4317
811
2238
956
5338
5904
3991
206
6454
1747
3921
6232
2126
4868
1462
1791
1629
6420
1532
3969
6253
6286
3281
1887
6758
4848
2133
5533
3087
3369
3060
5979
3382
6180
1783
6092
1901
5907
6941
1763
6019
1375
3739
1949
4708
3211
661
1553
1111
745
3200
4892
802
3740
3062
1194
4563
765
4220
6951
2069
5456
6019
4675
1669
2294
65
5715
4457
1838
6668
4444
1796
5965
867
3923
6008
5533
6433
3168
4872
5465
6375
6177
2849
1870
2412
2939
3469
1964
4267
5443
2427
1796
2186
890
6966
2565
1490
2023
2584
791
2744
1110
4747
4864
1191
3454
5869
6620
3799
440
21
1935
3174
148
2406
6558
4513
3726
1199
6660
1032
2101
1676
5096
2235
5876
5668
1164
6557
970
2608
5368
2740
1716
989
3941
3257
4242
2462
6446
322
6598
4594
3688
257
1120
3477
1898
3121
2847
6117
4023
1837
4147
6108
5984
6421
526
468
6575
5
3345
6356
3759
3300
1162
1158
5367
2126
1490
3154
5861
2286
4789
3378
6863
3644
3883
3571
6284
4711
5003
2381
1217
6791
1815
3295
1056
217
3891
1650
1067
6400
2391
1760
494
1636
2524
3569
947
4402
315
6442
1566
4760
4489
1978
2641
5571
1567
4202
1426
1831
1813
5257
4239
2730
6743
4681
1332
4773
5119
258
1188
424
5106
1136
2091
4257
4935
6739
6516
5553
1281
499
5990
579
534
6054
1257
6210
6233
5752
183
1614
4506
2958
333
842
3220
1879
4552
4429
1447
2335
3701
5899
492
2952
4969
1415
494
5696
3759
4527
5000
6954
4384
3220
2121
4153
724
149
2084
2848
1318
4551
3932
1879
4142
1907
485
1571
288
5852
5366
6629
1898
6931
5970
6573
6363
3673
2237
4539
2167
6952
4860
6745
2479
6294
5485
6256
6669
4551
158
4030
29
4374
2761
3001
3271
1625
2989
5715
6248
4894
5920
2314
5592
3141
3616
3842
111
6547
6969
1257
4825
167
3352
342
5121
3286
2494
967
105
3838
5585
4070
5143
1200
6404
4512
1819
4911
6407
346
1933
304
1345
3632
5483
189
6201
3403
2424
6674
6373
5437
4856
2362
6697
5084
1640
6334
273
3233
1147
4524
5738
1573
5575
2297
6658
5775
607
3467
5464
6036
1
5973
1542
2395
3262
3615
195
1396
5594
345
3173
5532
1473
5780
2955
4127
266
6653
6737
5379
4608
2047
4133
1397
5331
5076
894
6875
3854
2239
1956
549
3825
2577
5778
5280
4446
6815
5136
5889
4633
5572
6517
5906
2040
1976
6786
6756
1738
1708
866
1649
4172
2689
1437
6548
3406
4989
4908
616
3788
5937
5294
6074
1161
4105
929
3155
3534
1256
2213
3150
3488
1816
634
3419
4200
4259
6161
3165
1140
3394
184
1950
6106
3847
663
6237
6660
4000
6912
3041
5343
2787
5436
205
1413
3240
6656
6856
3603
128
6454
3951
3957
4296
5839
1810
6965
5178
1446
5264
5939
1720
216
1055
6318
5749
2984
4116
3873
3090
2591
6595
1145
3514
1144
5900
6850
4763
6409
5162
4576
4001
5286
2193
5763
1673
2520
6676
2813
431
355
6720
4301
6556
1317
3408
2174
47
1617
685
3417
263
3652
3026
4766
1690
5175
66
2818
2325
6730
4350
4170
6801
2306
135
5038
1438
642
4524
3089
6479
1229
6897
4661
1369
5483
6036
1315
4441
4753
4517
6184
6249
2387
6873
6267
471
557
5659
1674
6723
3375
6408
6685
4138
1006
5541
562
3955
591
4327
4135
1742
5015
5687
4759
4716
6310
4720
3771
1711
3187
2006
4114
6703
1488
2829
1123
245
2437
1291
4303
2416
6674
5827
4
1841
822
3671
3515
397
6477
2433
4123
4328
6495
174
5639
4960
5507
5559
3770
2909
2178
1534
1755
1674
1000
4370
2195
2720
3676
526
3235
3784
5137
5652
3443
1499
3142
6945
5229
5272
8
5621
6384
5816
399
1194
5625
4810
5149
23
19
3054
6363
968
2887
4064
4750
683
3983
1275
6710
4689
2884
4816
1336
4806
567
2658
6169
2456
860
662
1058
408
627
4108
6308
4432
5393
1140
3025
3650
4515
2712
1898
6112
1826
6581
5862
6165
6738
6108
1399
118
5316
4515
3809
2031
740
3987
860
3446
4356
6245
1049
1310
4991
2438
2130
707
2667
1045
6297
2628
3997
5309
6122
498
328
4907
4989
6731
1384
3230
1907
2995
5385
2165
4426
3448
4757
6329
3771
5641
6586
481
5137
1835
5585
4348
2724
5503
2179
2871
2091
1858
3750
2970
752
938
5341
3385
1382
1882
6718
5204
1565
6331
213
963
2574
4928
3102
3186
6402
6300
4984
3525
4916
2546
1508
3576
2463
3392
3141
6670
2394
2832
5697
6572
4297
2548
6005
840
6277
6398
824
5667
1715
1402
6518
1377
1361
4001
3340
2033
6493
6251
195
909
352
1263
5061
1320
5807
3826
6333
2694
2939
6762
4323
5661
6054
645
6037
6806
1878
6267
2769
1360
2231
6165
158
3057
5448
0
835
6770
1775
1818
6527
5110
6512
6224
1200
6486
4296
105
5703
2356
2401
5227
5056
3250
174
6168
5471
3255
598
4596
5574
2885
1325
1422
5411
834
6958
2568
3198
544
6845
781
1216
5363
4528
967
6712
3535
3910
2250
1287
884
1224
6664
6939
4879
5404
809
144
4646
5248
390
810
615
2443
4147
6768
5901
4431
6631
1474
576
6955
1361
451
6185
6013
3704
1233
6615
2252
287
2881
6088
3060
1556
2080
6496
4603
892
5068
5031
1376
5268
5250
4634
1667
2014
2512
1504
207
1086
5642
4191
2644
4696
3442
1435
3050
6713
560
874
400
5614
4145
6775
946
5860
2964
3960
4840
29
1712
3414
779
3460
3017
5402
6634
1629
3233
4406
3035
2428
3211
5903
2462
0
1018
1325
3643
3388
3688
1476
3924
1010
6108
4426
5628
2444
4243
6661
5711
5400
5654
5096
5339
6311
6900
4106
1900
5499
5998
3908
3446
4211
2184
4477
3227
3260
968
5380
4388
141
39
2440
1820
5431
2580
4959
6985
871
5872
3514
4427
2754
5372
4585
4639
3148
5830
4216
3517
6980
1059
597
2964
3856
4118
1757
5976
1448
2494
1099
3954
4906
4222
6484
78
1105
4958
922
2754
2962
2895
6666
2594
6326
3228
3716
6464
2109
5044
1591
5768
805
3795
1350
5306
6414
1384
3211
3745
6097
6722
5054
1840
4829
3235
683
3444
6997
3767
2869
3493
233
6109
2178
4342
6832
244
4341
6868
6871
5577
6738
6707
2872
372
5474
5411
2554
1395
4563
5793
4433
3366
4450
482
5522
3658
4248
2075
4742
6473
3855
2493
464
3838
5279
4804
1732
5886
4817
6182
5221
3402
5279
6440
4091
6225
6877
59
1456
5034
5305
4910
3606
5568
523
3045
5966
5462
6312
1551
3191
2217
3313
1198
3850
3773
4427
3816
3214
3176
1707
338
5700
2826
5792
795
1777
3078
252
670
91
4474
1296
1970
6154
3370
2532
556
4501
4124
232
252
3670
2812
769
6957
6395
3447
307
2565
6802
6924
399
3388
392
2238
2042
6570
1990
5439
1579
2041
2304
479
4430
5354
995
2066
2521
5435
1771
1271
602
270
2062
2892
1827
3028
3961
3303
4387
5808
3333
472
4826
1625
4
538
4233
6095
6542
3160
940
2263
4923
684
3365
6841
2948
3594
6798
15
2979
116
4683
864
1331
4047
4385
5394
6718
4586
351
29
4145
1318
3800
6068
2470
5433
1473
1911
645
941
4013
2228
4727
6141
4291
6901
1466
5456
2592
4282
4226
2606
1239
2567
4506
1799
6034
4592
4318
275
6987
3184
6924
1660
2859
6089
4703
2072
86
3238
5064
6546
5106
2965
2153
232
2922
2456
455
1327
6779
6602
860
5754
602
5183
5221
810
6423
3828
4655
6447
6523
725
657
1301
2217
6645
2182
538
2780
3368
1777
555
5741
6021
6741
3206
3047
6455
1176
2778
6082
6083
4316
3643
2983
2619
3378
3338
6230
5865
1387
2681
3546
2391
932
3636
6790
6571
4621
5275
3311
5393
3982
6940
6981
5808
726
453
5270
5510
6050
1223
4697
4567
567
1486
2956
4729
5876
3037
2227
4611
2766
5230
2726
5339
241
2607
1805
319
5232
4728
1650
6316
1306
2713
3579
4106
5025
2617
3523
3449
5256
2793
3685
556
5408
359
1052
1683
6295
1374
1457
2310
582
1546
6633
2925
5565
2721
4202
5702
1269
21
6651
742
2825
5214
5997
5936
5362
2509
1538
5011
3358
2500
6249
3117
5356
6464
6122
6246
2063
256
5412
2479
6637
6032
6145
5585
4962
2046
3370
242
2958
4093
1324
4243
4479
5656
5599
2773
5196
694
6807
4497
1480
1627
2265
430
5791
304
2060
5285
2864
6697
5369
2337
5703
5916
1352
3131
2910
1274
5856
73
5375
2117
1747
2470
5289
6713
1180
1837
2924
1455
1374
2335
2098
2812
6514
3196
1597
6609
3276
3942
1239
5156
6371
2985
2122
3179
2755
4214
4884
5456
5937
4495
2246
4592
4042
1485
377
5134
2560
1485
3750
2901
3818
3137
3625
5410
1047
6154
1697
4240
3415
2867
4423
3980
3726
3185
1408
6769
5262
1135
6928
2814
5288
4374
141
611
1342
6474
6149
5171
3744
6615
477
3227
2497
1010
3424
1625
2965
820
1256
5328
1657
1345
1323
1287
447
1431
5861
353
6229
2354
5990
5455
329
2268
4608
1337
3475
98
216
2197
1439
3425
4862
6990
5901
3487
3858
1501
3791
2447
5309
2197
2846
1204
2089
5824
5202
1670
6294
2823
6140
5291
4835
575
5617
3676
645
879
1573
4168
4718
4142
3961
3695
5885
2129
2108
708
1237
970
3033
5030
5357
6348
3082
3128
2220
5275
2913
5371
6295
1041
6031
3349
6313
274
2907
3371
1390
5617
1056
6066
971
1363
2627
6603
6397
945
2808
5573
6916
6004
4160
3709
2852
2881
2673
168
3569
6012
1226
3841
6668
5216
4777
3413
1270
1092
620
6804
927
5514
5408
6322
6987
3089
697
6435
1635
2642
966
5854
412
4935
5056
4048
589
207
5495
2433
1122
5527
5913
6828
1408
1891
3144
4919
6917
5273
5919
995
4957
6702
3049
6997
5619
4882
4045
867
1290
2599
5114
6570
2079
4063
5187
2228
6942
4851
5992
6383
6437
4904
1385
5544
2152
5899
6567
6807
2914
3581
2008
5148
5868
1882
1110
2039
3798
3396
1094
3141
4615
3436
4680
4382
987
1600
1015
5652
5344
5072
1543
2118
3556
6379
6022
3562
4919
6343
5937
1585
1553
4717
1116
1691
3328
106
6125
3212
4823
5137
2461
6775
3382
2046
3436
5134
466
6550
4352
3468
386
6155
3642
6809
3821
1756
6789
5965
3867
2080
5179
4088
5422
3763
1678
2101
6740
4785
1096
471
6564
1175
6880
2204
6171
361
2906
2174
2098
1406
4313
6264
6446
2239
1603
662
5163
3983
5369
709
5797
3693
1474
3593
2877
2348
2283
6205
2997
6803
781
2557
2000
3968
2426
5552
2921
2496
6965
3882
486
2946
5574
3509
6416
1337
4159
1407
3754
344
6591
5310
2572
1800
3568
2272
6515
6244
222
5456
4670
6838
1574
5978
6624
5858
528
2752
6997
3280
6867
397
1410
1207
2276
6446
6606
6189
4642
1585
1327
3867
4666
3389
3682
6661
6146
3113
1171
2399
4619
4737
3333
1315
1088
4674
2294
1016
5773
3783
626
2508
510
1892
2715
145
6470
6456
3258
4598
1161
471
140
4404
830
4821
1372
1545
4172
2071
3793
2338
5591
3956
3316
2120
687
905
1784
2829
4494
1857
2317
1881
3676
2411
2923
6469
3513
2221
792
2256
1662
6071
4607
5055
1392
5762
1221
6335
6810
3096
1433
287
1501
4597
3175
2161
1471
3282
2352
2159
4374
6778
5666
2314
3559
1070
4760
6461
5520
643
5238
4512
3581
1011
523
2729
3475
4745
5330
1004
4095
4270
6407
3915
786
1224
6499
4569
5164
3322
3436
4081
6553
3303
4013
5692
3972
6528
1173
4494
6599
4629
3158
514
2084
6024
4716
1452
3171
6053
615
6804
3001
6645
6983
795
2041
5890
6164
413
4098
5733
6831
5686
5868
4859
2841
4882
6791
2710
4318
6013
5499
2632
3940
3185
3534
2146
174
4245
3501
1410
352
1210
3195
4787
2886
4289
4103
1494
6061
3800
2396
2983
3990
5836
3050
2378
6971
6009
4477
6204
3511
4500
5143
5230
1174
1913
2671
2516
5717
4080
3725
244
2480
4219
192
5298
4623
3002
4614
6753
5868
3327
2424
5307
5403
614
4192
5841
5142
764
23
2798
6620
145
2767
2293
2678
4735
3610
1828
502
122
6998
1376
3620
4058
3317
6824
334
2707
1533
2005
1914
438
6912
1182
1860
2976
3225
3819
335
496
156
6920
3242
6966
5760
297
5736
47
2085
2908
3123
757
308
225
3623
4123
831
2918
2815
1534
1653
5800
470
5368
6410
4644
2027
5918
1425
2492
5706
1984
191
1341
6203
4049
5934
2164
874
6868
1674
6657
5554
78
3827
4036
2654
2979
976
2211
3894
4297
1244
205
4178
1001
5872
537
2670
1428
1229
1016
3386
4585
4196
4138
5965
6532
2964
5972
2181
1115
1686
5526
1326
1690
6657
3547
917
5526
717
5210
3319
719
5294
4249
2779
6014
3647
6681
3784
3494
3960
1900
1900
1063
5414
3435
6939
3709
2910
468
3656
6295
5397
2777
4195
6315
6799
3940
5279
1287
5410
3326
6663
2091
4862
5735
2060
170
1475
5783
69
3176
3631
4843
2908
2197
3691
476
1297
4582
5552
5753
5213
805
515
4260
813
3031
3547
6562
713
3755
6627
380
2200
2307
5344
3539
4498
3019
936
4680
674
4158
6413
3993
2805
2727
565
6944
6923
1237
103
5589
4825
1184
6356
1164
5305
352
264
4521
3743
2374
6380
5616
272
4497
5657
4393
6001
3386
5930
1912
865
5124
958
3091
1652
3018
1849
4372
6333
4853
5735
2062
744
5493
6020
6821
2833
1356
451
5302
6540
3762
1568
3422
338
2515
5812
3574
3356
5573
645
3163
328
3022
2263
5844
1365
1762
1100
628
3092
3697
5651
272
1269
5943
4503
1051
2259
5782
5111
5948
1325
2230
1405
5985
4442
5500
2118
301
6248
1640
4685
5204
1201
280
6268
5656
3475
5050
5752
5548
4547
2655
5047
6965
6589
891
753
5753
2378
2337
384
5679
1934
1692
3358
3766
3204
6512
937
4226
1145
6854
4926
5761
2226
1134
3055
1659
4859
2895
3858
5648
3821
3082
3432
1971
3643
4197
6197
4092
2362
5579
779
4372
578
3768
4142
1553
1981
6546
1908
4745
4122
5716
6163
4948
3278
2444
678
2562
2681
3356
4134
5739
6368
254
1537
3213
4949
6832
2385
1520
6375
5046
6795
1006
4070
2823
5570
1334
5551
5688
657
6695
1432
4661
3322
858
2234
1622
4101
6856
5064
822
6015
4162
2424
6086
5830
472
2076
560
4687
5505
2205
2680
5485
2201
1646
2813
1335
4160
5512
4629
908
2759
2655
638
5285
6422
704
4161
4007
3377
5573
2840
267
5977
5023
6208
268
2782
1871
5330
6469
2746
3497
4860
3068
257
6957
4557
1591
6309
2067
565
1809
5838
2778
4138
5273
2142
2102
1159
560
4986
308
4919
1005
4772
2330
4727
1166
2821
24
570
5669
5873
4517
6822
3061
3283
1200
2707
1775
4599
3356
1404
4109
3550
4086
4790
1322
6020
982
3397
2421
4597
4384
414
4216
1670
878
2983
33
449
5796
4547
3036
1720
5527
4529
6994
6826
2058
3476
1331
363
4887
4646
1964
1461
511
6533
5308
1605
4070
2279
6969
5576
4510
5738
402
533
6950
4884
2392
2068
686
5041
6350
3699
810
5347
4354
5298
2769
6076
727
6700
4969
6687
6072
5846
4384
1948
2187
5940
2449
562
5360
4943
1001
1654
3005
6483
2398
4466
3567
4796
659
433
3831
5568
6290
6207
5159
5255
4255
5678
3159
5960
4020
2147
3264
6070
6526
5390
1259
919
4195
1728
2087
2884
4247
5303
2318
5924
3138
3445
4643
6964
3503
6935
5779
5041
1939
5761
4245
2414
4608
2847
1358
4337
3758
5102
6997
5855
5213
4464
5872
1136
4177
5599
4313
1973
5962
6849
4233
5702
3486
3049
200
5320
1910
5406
6974
884
2306
5213
1824
818
5585
2138
4090
5108
4442
564
1373
3279
6888
5302
5334
668
6533
1545
2067
5262
4782
1671
5058
395
1471
6730
3760
3045
1635
371
4435
4235
1929
1711
4165
5208
6150
1652
5749
3685
5404
2049
6708
1490
2868
531
5208
4887
5141
6347
6560
5209
4760
3717
477
649
4391
2268
4537
2206
378
633
4240
2018
4782
2011
903
3130
5091
1272
1893
2135
992
6097
5500
4850
4804
2107
748
1549
1236
530
6717
2140
6900
2104
390
42
5244
347
5015
3047
3337
1429
6327
1759
2764
3533
1939
846
5051
5267
1036
6752
4386
2936
2844
37
3182
6483
2132
1217
3246
5056
1421
4458
2726
6340
5433
3754
5041
1820
4589
1717
5530
6418
6734
5588
3039
1561
260
4143
5027
4592
2159
3266
238
3282
2461
5222
2348
5527
5494
5424
1911
323
4084
111
6113
1868
730
4847
6570
5553
4455
6754
6265
5045
519
3790
3091
539
3239
1482
1462
6540
2355
6114
4833
2860
4429
1674
1282
2242
3268
2350
1019
3862
3175
6872
5042
2757
5732
3611
2771
3615
6034
1036
5508
4314
3639
5945
5549
5527
5559
6698
1641
570
826
3811
2662
6184
5936
4963
957
2241
1627
5647
3190
932
65
1736
2316
2410
533
2723
5608
578
6809
2703
4381
3820
3994
3073
23
2441
4136
3203
6904
6303
1809
3915
5281
6419
3481
4959
3969
3199
423
5191
6813
531
1895
6507
5148
2311
2671
819
3726
5975
3705
2485
4801
791
2180
6153
6663
6990
3095
6577
2103
6231
2123
6444
582
1609
4
3242
1986
937
2916
5049
27
4638
3404
5965
6470
4442
5656
5575
5431
168
3709
4556
371
1200
6009
5814
72
6280
1143
2361
769
6181
534
6891
4289
2927
2102
6710
2947
5018
886
2714
5972
1472
3428
3683
5350
5484
2146
4154
5169
1266
2497
1295
2168
4123
6141
4988
5238
6588
3061
1293
1747
189
629
1100
6222
1535
2874
2449
6729
3623
2009
5030
28
1399
716
1608
6839
2004
5626
2921
6375
3674
10
3523
732
6171
836
3383
2885
3502
2236
5700
6256
676
5435
1379
434
6934
268
4190
1079
755
1208
5625
3559
3190
3407
1888
6629
4411
2556
6352
2061
4810
1619
3891
5890
4524
3705
5739
4185
6763
6608
6671
1293
2366
4982
371
168
977
4649
2089
5146
3851
145
3966
4817
6529
6482
6632
5086
5904
68
1083
1192
528
5545
2555
6719
2443
6938
619
3190
1477
5014
1748
3462
4694
1944
2921
6340
3082
4100
4343
4446
3890
6622
4458
3943
3876
2168
2259
788
3133
2622
2694
3138
4750
4622
5543
54
6564
6041
1972
1569
2257
2289
4046
270
1257
2815
5697
5490
2703
4474
5579
5310
3149
2669
3993
5067
5330
133
4213
396
2310
6261
6980
3169
1106
2321
5756
5549
2082
4836
6354
5469
2100
1014
177
5786
3914
3821
2807
3550
338
118
6217
4424
6512
5296
3823
6515
97
6470
4546
1785
3640
351
5666
6367
134
1292
6476
5686
130
1373
3273
1038
0
1888
5378
2590
1766
5943
2174
1492
2633
236
3070
5005
70
3044
4776
922
6948
1870
5399
6744
2775
335
6492
2402
2376
5043
646
1933
223
4809
4308
2720
6371
2579
1019
1493
5488
4625
2444
737
3431
689
3669
6916
1875
2981
5031
5988
751
1946
943
5997
3710
4736
3670
5853
258
3682
3051
