7567
1851
3214
8832
6712
1447
2705
8622
37
140
5883
8190
6942
869
6113
9162
5277
1919
4076
934
1226
2981
3252
485
4802
115
4231
5048
2483
6924
8261
4593
3638
7591
8331
5014
7082
100
3771
8976
1481
9277
7716
1971
1817
3799
1347
2280
6049
2952
5142
7094
3285
1474
7672
4256
6865
1021
3647
3671
5214
4099
1998
5568
8708
8357
3094
3393
5900
4171
3040
2932
9487
697
7744
8974
6945
1053
151
2569
2436
4548
7959
3550
3867
6716
6211
3038
220
1908
9347
2815
9712
7744
7601
4004
554
9929
5043
5461
7265
2385
5525
9646
8364
1604
1394
2339
1609
8458
7503
4865
9274
6585
6164
8960
5757
9623
1624
6101
3239
5357
3320
1555
5116
951
9587
4801
861
4471
2757
2855
622
9514
382
9330
9699
2754
9422
3575
8791
1267
4176
2212
7448
4825
1424
9682
7122
9958
330
1703
6438
7898
1585
6984
3943
3499
1576
7963
7970
2036
3632
7594
1479
9817
8687
1475
3960
3224
4505
3277
7708
5227
4590
4582
385
6026
2976
3543
9404
7582
2655
4233
3694
3216
1314
7392
3221
160
660
5845
5339
9058
3529
6050
3775
9538
1660
135
6847
2904
8742
3049
7183
9463
6861
2810
9064
2447
1015
3108
7792
1778
2793
3902
6545
4804
4240
5553
8297
8075
4187
4645
4030
7174
2003
4948
1132
3114
4121
656
4236
8199
4026
6672
3394
2858
8065
1333
1011
9484
8345
6347
657
6839
8317
3404
8821
8264
2079
526
4536
5968
7953
4781
2654
9716
3059
7571
8111
3717
153
9955
115
730
6968
4229
4810
3321
1822
4379
8613
5668
2923
8306
7908
5984
3055
7941
2461
3889
8369
8620
6278
3250
3162
113
6879
6896
8652
5651
1183
342
9410
2707
2985
9363
7637
892
1386
5959
8135
2720
2370
6605
1488
1373
8317
2354
8563
2350
13
4292
8557
7342
2870
4613
1145
9575
6405
431
2434
3224
5102
2881
1158
2022
9969
2552
6500
7849
4711
3065
8514
3879
9007
330
5981
62
6704
1856
8973
7003
1978
3379
8372
3224
7245
46
2260
9521
2309
5907
2474
7111
8177
6315
2619
6974
4671
7515
4233
4241
6069
3266
5105
197
2494
1199
5509
2523
96
6047
3617
7967
9062
3908
460
5214
6287
4801
9965
2148
3745
6481
7863
8419
1067
5848
2211
9088
9223
8914
5145
8407
4376
5063
7690
3998
4661
5200
1100
8567
8209
4851
5603
2432
8343
6377
5657
1940
1855
1137
8010
36
5023
3374
782
4320
1
6443
8035
1215
9133
3423
9943
1215
6755
9532
3055
6966
9655
1089
6007
5111
1145
7551
4647
5680
2447
7448
2509
4671
4418
1907
1037
4053
2034
3100
2322
2739
3399
1545
5039
9825
7733
7448
6583
4926
7099
4707
1285
9329
8680
3766
9737
4621
2346
9159
8560
9556
5476
8755
8751
4962
3003
378
9243
4682
4462
6097
7415
7183
5744
8901
8107
7928
6260
9791
4110
6022
2675
6435
4304
546
6956
6306
1287
3679
1481
7632
4404
9903
3705
784
5472
6114
5744
2027
1864
5769
5591
6671
9058
4616
3921
6516
4907
2361
3404
6650
4575
7229
1552
8190
9700
8862
7
5995
4212
9137
4345
3886
6533
9959
3971
658
9734
4978
4979
5145
9304
8036
594
8812
694
7938
5390
6649
9123
2520
4275
8732
5247
663
2534
3593
3029
5193
1230
5365
1844
3445
6335
7124
6072
9070
4948
6876
7989
9206
2136
1657
2207
6911
6065
7914
6008
7858
9642
2521
8039
745
5996
3400
6193
4886
3208
2615
9047
8455
2435
6418
7996
4753
6719
8374
1873
9257
8945
2564
7935
4850
692
5934
7409
1888
6154
127
2411
1259
2442
4135
9562
6047
1771
7316
730
9328
6859
1292
8846
1707
2972
3383
8751
4536
1756
9465
3844
620
4703
1885
5787
7770
6203
1805
4481
5593
2768
6798
1940
8017
8882
8568
4546
7599
6308
9379
6909
2601
1139
1485
2014
8795
4524
2296
4210
8111
6859
8321
4933
5658
3409
7802
2778
8787
2657
3226
9973
1824
2375
8298
4901
7961
9093
2080
7601
1565
5932
4168
9038
7363
3843
2382
2250
7209
839
9241
8616
6200
5839
1457
2776
2313
4907
9361
9922
4656
4009
3016
2367
5862
9459
9305
933
8038
9256
3986
2269
5933
9109
3113
2946
5444
3968
7458
5992
3337
433
8942
5030
4105
6366
5630
6481
5915
6993
3957
4711
3606
6632
2555
5557
2002
3992
750
9157
5164
2431
5058
3048
7747
9093
1433
5868
5727
4462
7774
26
3937
4223
1067
7439
6389
8042
3035
2948
6341
2327
4538
4172
2103
6001
3192
3033
7943
8267
6876
3996
4687
221
5925
7879
98
6847
8348
5488
3368
2144
7893
3061
4451
6131
3365
7415
1873
3047
9181
6565
298
2898
8148
7173
7257
2537
8611
720
3560
3151
8969
2779
8180
3319
4463
4910
4351
7031
358
1843
4484
139
5564
8861
5445
8627
7918
1859
2384
9403
791
199
704
2917
4935
9559
4784
2500
9855
1215
5738
4647
9592
3480
6846
1937
2371
657
7534
8865
6843
8377
7446
5715
8487
6294
9529
290
2347
1638
3574
8552
30
2399
4841
339
7559
2053
7326
3574
5776
2328
6625
5289
797
1670
4257
7950
1558
4212
371
9106
6031
1269
850
8747
9304
8932
4515
9252
7905
7668
439
2866
9574
4002
9610
5874
2824
2755
105
9154
4379
9616
4304
1368
3788
1114
8353
5043
3355
955
6961
716
4102
6971
5132
4776
3350
2507
5305
5965
2386
8834
1256
3950
4945
9058
23
2373
8302
9830
8676
3548
4996
3338
7837
3113
8904
9943
4531
1379
1318
8794
1325
5669
2084
847
2745
1390
8947
8399
5645
6305
4531
51
8108
3440
5942
7188
3972
769
9421
4193
8611
4250
7838
7516
6474
4350
5175
3298
826
5940
4845
7556
1131
6016
349
374
6572
2720
2355
8500
3092
4133
4185
3116
4759
5548
7079
1884
3892
2872
8713
4153
5531
5934
606
585
4188
2413
316
3310
5002
9959
1905
7135
5583
6385
9957
5668
5017
1987
8107
7053
5730
3116
2054
8512
7597
6693
9832
8478
924
7072
118
993
5167
3293
3415
9348
3911
3880
171
4607
4680
2035
7193
1613
8605
6636
9840
9292
3573
266
207
2928
6683
5433
7120
9188
3107
6880
3086
9006
4336
3467
9096
2862
1891
9370
9966
2387
8718
4213
6840
8106
6663
1162
5734
5796
776
9461
8130
5154
3875
5067
9666
8047
9314
7858
9049
8939
860
8976
6189
5792
612
7567
4147
1491
2940
3546
3254
2424
6503
5927
3543
7618
4715
6961
9087
3126
8325
8272
2847
7498
3959
8775
7496
4368
3996
6474
5559
2633
589
7162
7512
1928
3212
8703
7787
8036
9084
433
3060
3561
5236
658
9932
7451
6537
3371
7126
8712
1000
7202
3212
9113
1285
693
8503
9717
5565
2550
3837
8467
8296
5858
7508
8713
2123
2543
7045
5398
1946
3138
1628
8280
8890
7067
9676
1882
1075
8590
527
222
5925
574
3963
5043
7906
5159
7008
4067
6809
4216
5150
7468
8211
7004
7140
3513
2198
212
835
1548
8823
9074
4769
3098
9484
1684
9305
211
4095
1179
6143
3756
4111
1656
1937
4571
4881
2322
1497
78
6292
2950
8928
8553
3905
7819
7293
106
3041
3136
9434
1098
3912
5669
3735
2099
9792
1139
3928
8280
7601
9721
4009
1238
123
9124
5907
7893
7766
6074
2950
4074
5041
4098
22
2845
2423
1380
6258
6753
4159
8281
8127
4229
1762
9566
883
9111
280
4491
1501
8160
4123
522
3474
9263
8989
4694
8547
7286
1478
7202
8570
2235
4741
6674
35
3420
9463
4154
1720
1219
4374
2754
3076
2097
7113
194
2457
7770
2249
4240
9372
7116
8259
6035
6622
6637
8153
3746
2486
8497
7044
2894
7322
6277
7492
1785
4541
9723
9335
6226
6482
9986
8
559
7598
5008
1439
8709
3148
223
4263
2982
9386
6642
6844
7687
3392
7011
1011
4541
3201
5818
564
6868
8154
7995
7202
3980
2471
3069
6907
9552
3973
6067
170
7780
7010
8025
9530
362
4384
3724
181
9553
7145
3350
5435
9547
3997
6564
9390
6778
4102
9014
3930
9494
5436
3299
7010
285
3285
3863
7973
535
8436
9370
9056
5445
4946
3789
3709
8598
4266
451
617
5414
1598
5450
3427
7219
5864
5974
2895
5916
7531
5816
3291
4905
9927
5104
2809
4050
1850
6380
7979
765
4084
4715
4269
9878
7188
9266
6332
9869
7582
3338
9509
3223
542
6517
6424
9330
2341
8235
7194
2378
6178
5461
7514
2688
1405
9365
4811
5405
6380
5264
7264
4771
5160
4985
8647
1676
1546
4172
6156
1122
9359
2419
478
9306
219
1304
6174
2621
2282
3480
2003
6501
4881
2256
2379
8320
4946
5383
7788
8548
5966
5000
8441
7712
8741
1242
7152
282
3498
7901
8512
6122
258
835
4775
1954
2602
1433
5305
4904
568
3425
6126
2034
5674
5598
6786
1837
8187
2074
3008
6458
356
6631
3816
6550
5615
6896
7277
836
5046
860
3004
4441
6442
1359
8886
9971
3936
8668
7614
2567
3046
5386
4894
6197
7683
4610
6452
3483
2908
7443
730
5139
9202
3682
2243
7385
249
4385
1809
5806
5812
6042
420
8466
7644
9865
3853
6113
8383
8995
5856
5133
3333
4167
9256
4755
7566
5712
8676
4765
9496
5092
2511
3539
4492
6396
8846
5471
6263
1311
4162
2412
1815
8797
1757
9306
6059
6502
1425
3601
8349
3237
2516
1534
9580
7164
912
5423
337
5501
951
5671
8563
5698
2307
3807
7046
5993
4859
1370
9918
9088
2418
6722
2834
4009
6458
1780
9788
3930
982
3749
5309
2355
1596
8032
4860
1933
857
2637
8719
3980
5231
3647
4370
9984
90
4650
1604
7246
3312
4270
50
3878
4182
2597
3003
1456
879
1829
8994
9608
5295
2211
1906
5395
686
4197
1980
3197
2217
5249
4891
5809
9698
487
3641
5844
6023
7607
3274
7422
1984
4273
5206
8966
7442
8248
5381
3193
4209
8417
8370
7734
5058
7278
9970
5897
4990
545
8398
2450
4594
991
8891
3665
2531
4643
1723
4257
2688
5612
5277
6382
6672
9941
3455
8612
3865
6702
8819
5445
4610
6220
5024
887
7777
3962
5327
1880
4334
8826
9206
3342
9193
8460
1154
6096
7639
7929
5901
1114
5159
7164
8991
9265
98
9422
9520
9684
1073
3885
3403
4298
121
5385
911
1198
4497
9323
3007
532
8500
7474
6457
5895
5330
330
1844
6416
7937
9259
3218
3253
5360
4556
8005
8571
1004
8594
9054
5722
7212
5193
5472
6028
7879
3021
9747
1233
2774
8981
3829
2946
8227
8909
315
9455
2304
575
3253
3527
7877
2925
175
3220
1697
4190
6227
8017
8881
6419
3884
9593
1807
1444
5686
3790
5410
4459
5761
6274
5587
8525
436
9909
3728
7536
5615
6107
8201
3726
6408
4585
8935
6613
5047
7308
3772
5416
1069
119
9830
3813
5343
7767
8910
4275
4913
8148
1181
9080
6925
8086
2861
9749
9314
2209
637
2975
2009
1071
2975
9083
5219
7833
699
293
191
7730
3335
4156
3272
3919
2654
4061
7626
8582
172
7259
4101
7603
3564
5784
4490
81
2696
3555
8594
1179
1584
6014
4110
847
5895
4266
4825
9051
5862
1217
7098
9944
307
4240
5446
8207
8653
8751
3826
4844
222
3759
8198
6478
5427
1263
780
2199
5896
4154
9016
6455
5324
9792
6162
7407
5380
879
5726
2756
6220
9791
5901
2243
8695
7991
7388
283
23
9727
9162
9595
1016
2275
8776
4825
3479
7920
7753
8956
1281
7102
9048
5735
3254
6282
1176
7427
3196
591
9286
7015
7167
3425
331
5079
9334
8165
8095
9398
2769
6432
663
9736
3086
6763
4223
3673
6891
8240
162
3556
6998
4995
6678
8241
8897
2720
2837
3919
7393
7789
2789
4777
4149
1147
5369
3591
4403
4687
9265
212
9038
4119
4861
9304
4820
7147
3231
1473
7028
7858
6797
7059
8028
766
5366
6393
7601
501
1868
9254
7848
9821
8447
7997
1121
9026
3995
9753
7843
6247
4568
7274
3282
3544
9231
6813
6877
1159
5852
486
1988
5083
9966
5372
631
7569
7612
9426
2730
4974
578
1534
3253
3122
2088
2743
151
2698
5684
4192
3882
7651
262
8699
6769
3414
8001
8748
9102
8260
9610
9643
2129
8303
2104
2245
5691
1810
8092
4416
1249
4046
6458
9641
5163
8563
1205
748
2092
8823
9416
4927
652
262
9009
6284
2272
6214
9000
4409
9867
8405
5069
7605
4990
5121
5232
1841
2652
6404
2650
2760
2153
9450
6665
572
9984
3617
4440
175
2034
5532
7612
5660
3548
7252
7739
6576
6290
7595
2168
2183
5208
1134
105
279
9440
6806
234
6499
5997
2587
3210
6765
5110
1542
5202
8412
6118
1185
3270
9189
2192
4510
9988
5561
2047
7361
5882
3915
7804
2922
7220
5548
8633
451
5394
8533
4634
818
1688
1248
8675
6555
8544
884
4780
9334
1930
4507
7298
5928
9587
8609
4151
5713
8339
5099
7081
5345
7776
4434
2672
4423
6625
8603
3297
2728
1309
5092
7248
8520
3473
2684
770
6409
8128
4000
1696
413
4148
238
6487
6425
6419
8439
6669
7368
1246
2294
1870
6344
3555
6488
8212
8454
9618
3095
7685
5809
6156
9607
5414
4749
2615
3659
654
8519
2926
7989
6933
5280
3781
6521
4075
392
7259
3484
5541
2136
9704
4190
1553
4235
6918
2993
9899
538
587
5109
4601
5731
2052
5746
6337
1621
1214
449
8554
555
4670
8408
8879
3330
785
4832
1360
5593
413
820
6435
6916
3622
1463
7096
253
556
3026
3530
5928
6610
6762
3537
5584
378
6458
7908
9603
9323
6802
9899
8519
9236
5100
9203
4200
139
630
5499
9344
6430
2017
6971
5985
7355
949
8117
194
235
607
9635
1715
2184
2152
2832
5518
6752
3011
6707
3772
3186
2098
2965
7617
8645
6565
8212
3462
4375
8993
5152
6417
3251
9929
6226
6835
700
492
5277
2702
9222
2875
2412
7040
2180
1972
9675
7712
7227
4095
3650
36
790
2869
9004
8077
8915
7208
1174
6384
5098
68
418
7297
8206
96
4555
5822
9868
640
9955
725
1377
4506
2665
7683
3736
4130
2726
6138
3312
469
3318
2078
4539
8431
1140
3981
195
1865
5917
7929
8968
6738
1591
4963
7621
4953
5307
6389
1088
2436
3357
8651
6479
3280
6332
511
5560
6806
9749
8465
4433
4246
3634
4495
8662
7987
7632
5174
5449
4971
2334
8933
1988
5633
9489
5546
6906
1848
3204
5340
9723
4766
3853
725
3270
8370
6779
3257
649
9156
4219
7335
1940
2792
1930
6779
2667
3735
1205
2989
6010
7138
2092
2170
5427
6819
4613
9404
1090
1970
5564
6281
9314
9552
1992
677
7433
596
1977
4149
8286
3632
4366
2978
1611
911
5955
1605
5069
845
855
7413
8392
1778
8619
5530
9096
8605
4231
1469
2066
3898
2887
2862
4249
1103
3618
8865
9996
5401
8155
4982
8524
1485
6464
2356
2988
1277
320
3970
465
4394
4314
1602
3385
7249
7168
5098
8152
8323
2874
8367
861
5492
3223
9200
2355
6016
783
748
3507
6037
7267
4178
7703
1521
6102
1411
6393
5881
5189
3814
6746
8578
2993
6888
8287
4576
7038
8045
2662
1865
8883
4951
2166
5813
3090
98
5716
8165
6178
9226
8498
5820
5655
442
3874
3102
8292
8562
2184
9348
7702
4772
8621
1113
7585
3499
8720
709
2937
824
5287
3667
8007
5578
5651
3488
3227
2089
7761
3315
768
6432
3261
6003
4635
6421
5841
4170
1773
5765
2283
4228
1864
193
7373
8979
7902
4223
7102
2755
2149
6367
782
4629
7639
5867
342
7946
8070
8873
8574
2462
6829
1264
4856
2718
7681
2133
345
8919
9590
8945
3000
3565
1422
5280
1647
2052
5260
6745
1647
5039
4487
5637
9968
7779
1770
30
3221
5206
6424
5685
6478
1145
541
848
2359
8720
4271
2862
6510
6026
8323
1512
1074
4481
7308
3671
9878
912
6399
4332
3093
9852
9810
7247
9168
8096
1026
5975
9939
6537
7732
8066
5957
8442
4451
7859
9710
5021
6408
4134
9379
1943
6296
9968
6413
1895
5495
6615
3751
1467
3466
7771
1702
2910
4810
9665
2355
2914
725
5162
5972
6262
366
500
1977
980
564
5292
5265
3674
1121
9247
7885
4738
9625
9884
8060
1344
354
8359
3302
6584
4722
2268
6709
7914
4532
9598
9580
7419
8613
4572
9211
1489
1995
398
2395
3930
1284
3458
3652
3274
1052
5917
143
303
1705
3968
2389
8306
2769
9529
5750
6429
4955
6275
8741
3923
6803
7563
9056
1553
4262
8143
2862
3695
2781
1829
7602
6082
4759
1830
7980
6433
7247
6165
478
4514
1485
384
5339
2161
7656
9554
7867
140
7433
5410
5516
8318
2347
571
115
4710
2622
3977
8832
5059
7962
4717
255
2830
8081
3005
2587
6324
9341
843
125
591
7881
6112
4178
3808
2460
3445
5594
939
2047
8318
621
7982
1456
116
7928
6559
3807
877
3317
2882
7846
7433
233
3252
9349
6924
1558
1670
523
6595
3313
4985
7569
5845
7902
1587
3168
6536
3671
2572
9459
188
6395
9720
9047
3624
6404
4592
7054
5247
6529
639
4355
3790
6161
4150
8536
8261
9537
684
3548
6384
4189
4006
3384
9569
8915
4623
2376
9244
629
5412
5079
5759
4492
4302
5331
4043
3786
1437
4559
9219
24
8062
8775
4496
8510
2777
7214
1262
8433
1689
7060
1639
9254
1800
7988
4874
3349
3399
5689
8856
5688
4023
0
8795
5939
4343
9464
3715
5486
4442
5830
1837
8174
2324
9557
1122
1026
2881
8027
442
888
2690
135
1612
639
8821
2727
8755
1848
2351
6517
2958
886
729
9873
2116
4420
5797
1514
2721
9621
4075
7334
4994
9127
3780
5922
4537
9265
4834
3027
622
5995
3978
2666
4354
8413
4607
693
3328
8864
4284
6515
5555
5232
5118
3568
446
819
8700
9294
8012
9779
947
9140
2549
7079
7282
1520
1385
8288
2735
8921
9180
2719
3333
6672
8430
212
5515
1460
918
7009
8561
8996
3898
6812
4137
5183
2877
36
720
3383
9574
4139
9768
372
7849
8626
7235
6597
3957
3922
8430
4018
9401
6502
3320
5213
7315
4359
9469
4598
8583
1807
2067
2462
7864
7726
16
307
8150
4603
7110
2554
3860
9122
2989
8954
5252
1372
5387
3045
1890
3068
9666
5730
4282
3462
4006
9653
2647
9498
9305
4753
265
5966
293
8052
177
7097
6886
8464
5900
8684
3473
1977
6970
7499
5845
4762
42
2969
1549
2290
2660
6754
574
588
1426
8833
3059
2509
2859
7586
435
7383
1886
402
2140
8042
2824
4098
9694
6153
7203
4411
9654
762
5899
9275
8261
8007
8829
1469
2461
802
3902
7639
3720
7654
165
7469
5044
5128
678
9875
751
2412
5020
3023
5659
2740
4194
8221
2894
4195
1775
364
776
640
3324
7029
2866
2662
114
5164
6288
9368
8181
8512
7986
4306
5303
5756
7149
8251
6938
5312
5664
9494
4454
4265
9398
1255
7939
380
9528
4850
6484
7795
6700
8448
7616
9438
7038
779
5198
3867
4441
681
1340
9696
5329
9205
8492
5844
1408
9160
1500
45
1868
2935
672
5797
2930
4182
7150
3158
1857
2298
3222
884
3349
5164
8284
7498
8366
3610
4916
492
2556
5415
9784
4747
5257
339
5289
8328
532
1717
9423
3120
5285
5540
1647
3269
9202
9349
8376
4573
5213
7359
666
6627
439
3338
5700
7980
8726
9846
3896
9492
3390
4856
4861
9655
4399
1871
5376
6427
3050
3925
6121
9498
3153
3057
2373
2238
7962
3129
4597
7349
4208
8404
9170
4036
4855
5662
5308
3240
8938
9973
3342
6663
4402
9056
4415
3029
7572
3631
3879
4979
3016
7437
1547
4818
3938
5650
3592
1780
2895
7381
3448
1715
7710
2863
6852
2156
296
3690
5303
7315
7581
4905
5930
2026
9837
7201
1441
2508
8415
8325
4897
8211
4306
8239
1356
6521
6925
8218
6491
332
6053
3981
5478
4635
7931
1266
5971
5629
5407
5828
3257
6609
389
7910
1936
431
6674
8929
2616
9437
8803
4102
8962
8686
538
7521
5326
7670
455
4094
2130
3816
5183
2150
9283
5280
987
1
4147
2604
879
7471
6216
9573
9205
9186
4773
5372
6021
4067
7575
2479
8772
2261
7182
3146
5959
9943
5590
6186
9826
290
1185
5054
5649
5122
8562
5990
4401
2146
1417
2077
7740
5696
5270
35
2464
1823
460
4035
8251
9932
5363
9492
9701
1000
8361
6938
9098
3155
3767
428
6691
2474
5020
9104
5119
4343
7944
419
6899
4295
4823
3573
8267
698
8072
5056
6187
4899
3800
153
7351
5038
3392
1168
6236
6321
5640
6978
5641
5547
6262
6542
7981
682
6951
7188
6622
1929
7897
5400
9731
4997
6019
5318
3487
6369
9473
896
2715
784
6607
1747
3486
1311
5458
936
5115
8037
574
4374
8664
642
9287
4036
4566
9221
9303
1004
9778
2538
5704
7179
2055
5664
7471
2053
3437
4793
8342
9862
8322
2282
2757
5715
1123
5538
4028
7679
8152
5512
4974
3690
7129
7149
3805
3011
385
2720
3615
9406
5805
7168
6474
1360
9729
8492
7905
5927
232
950
6971
1751
2101
9399
6108
975
907
6492
6178
138
9413
6861
9246
930
3523
9182
7629
5134
5777
5551
35
4396
8950
814
7507
4634
8166
9565
1884
9598
5780
1213
7603
6982
72
4169
4313
5738
5209
4944
9210
9533
3847
9658
7538
6402
5271
8491
3659
4522
6828
4694
3639
5964
3438
2185
7158
1870
9418
3558
8629
800
2310
1105
2499
7032
7039
533
8321
2391
3777
290
4502
9403
9170
9553
4924
9006
1659
2392
810
4939
7012
3144
7231
9888
9691
5395
4360
511
9793
5388
3086
9919
241
1575
7471
8448
5310
6863
471
1116
2248
2774
6459
9080
9194
5943
9521
6346
8995
9111
7439
3380
9454
410
3647
4254
3233
1826
4524
2226
9823
8995
4477
8097
1578
7105
6122
4163
6825
6235
6399
2860
4273
3265
636
7081
419
144
2166
7082
5042
5198
9214
9978
7839
7328
8316
1769
9203
1386
568
795
1112
8478
3444
232
7124
5989
8633
148
2019
3820
9181
1050
4752
4038
7902
1778
1952
6831
8190
5586
8876
1280
8666
7808
7929
9598
7673
1733
9701
4749
3965
3724
1071
4483
8569
4858
8147
679
4768
3016
1154
7687
117
2796
330
7113
4005
1174
9511
7177
5005
6006
9061
2594
8
6442
4097
4824
5945
7685
7547
6769
3762
1052
6298
4004
6767
7978
4700
1241
3314
3907
6152
3760
5276
4101
4643
5486
2596
6186
9099
2546
5431
4170
1971
7862
7516
814
6459
2865
5090
6591
1930
1929
2649
8685
9243
1670
9530
4715
9331
5121
7508
4264
2075
7963
6916
2809
2589
5434
6368
1265
1247
4350
2240
5250
3703
9298
9177
7341
7610
4158
4984
9238
2358
4490
2199
7987
2712
1740
1295
3987
9082
9186
7834
1419
2749
2523
7027
7451
2063
5488
2461
6768
3048
9057
332
7379
3095
5545
5668
6446
1732
4051
285
3806
8146
678
9503
3683
4003
764
7168
4629
9495
9025
807
657
9683
2038
8444
1937
3066
2708
574
2186
6155
3006
8240
6559
7510
2096
4593
434
9644
7940
3094
9019
4322
9219
263
705
1345
7176
1027
6437
9470
7696
7840
7214
6081
6654
1731
9790
4036
4811
4536
6660
810
5082
5503
9291
3241
9114
9235
6832
821
5124
2280
3041
7659
9444
704
4640
7271
4389
5674
6182
4482
1861
4681
5445
9547
4888
1532
1526
272
3240
9151
4945
3146
9193
7485
1083
1523
5915
4335
6266
5957
6985
7654
2084
1824
4910
2993
6789
4407
7175
9723
3134
7143
2643
1749
1707
9893
4375
8555
9693
2275
1967
6038
2294
6623
8255
3358
6324
9033
2855
8137
2964
9998
6709
4468
6520
7253
948
2428
3635
8086
9650
5722
7792
2338
5887
8825
8995
2931
4273
213
3527
7008
9253
5698
455
1325
687
710
4856
4125
4339
6996
755
6677
1581
6406
1169
5551
5146
9766
926
423
4793
4873
4592
6182
668
7800
6929
5720
6408
3245
2088
9196
5820
9382
7047
3752
3007
4137
4509
6614
2066
7205
9914
5406
5748
4304
1459
4961
3396
8162
5820
4048
5569
4893
5122
4967
3550
8840
4571
2394
6193
9462
4308
9066
1658
8136
3226
4467
1281
2220
3157
4101
2920
1951
4926
7774
8384
8902
6338
4960
8055
7941
6334
4
8526
811
2602
634
5689
2026
8578
8604
1472
1846
8463
9310
1811
3530
389
3540
3146
2257
6613
5633
3577
8327
5795
54
9619
8381
4354
4623
2614
8691
4411
4358
7924
8901
6876
9875
6626
9589
3133
4785
5720
7153
3021
4845
9033
32
444
8301
7869
5150
2402
2715
8810
1361
3916
2621
5394
8040
8375
7411
6597
7423
3444
9932
1654
865
3372
7060
1740
5371
4509
9934
4463
889
9747
1658
34
5423
7954
1732
4272
9798
1246
8601
30
9729
9742
1718
3856
1243
7941
1487
6968
1230
368
5784
4858
2898
7982
8100
3691
2305
2697
7719
6167
3267
2643
6826
1153
2027
9371
5867
6565
7773
9039
4942
2250
9562
9468
8133
547
4266
4848
3751
8004
3428
3153
8176
2498
9597
3334
2580
3059
4298
9555
1345
7301
228
3746
8432
3290
9512
7916
6647
881
87
6392
3055
3040
8049
4458
7293
8909
4169
2717
4944
380
5829
1915
8470
8947
1812
3560
7786
137
716
8607
7102
1741
975
164
9361
1554
8633
4601
269
2424
3417
5964
8911
1670
1481
7933
852
3107
4348
9790
1981
4133
9220
2739
9679
5456
8524
1400
2889
5104
680
4898
323
7170
4104
6206
1935
9692
3715
7477
6383
605
3013
1153
6387
3887
1335
4265
3340
8873
6632
3016
8658
5425
4437
4156
8191
2879
2538
2987
2182
2876
7269
9311
6371
3945
371
5810
81
2892
8777
2693
5506
9270
7649
4186
2478
6064
9263
7425
9371
1379
4703
9823
68
838
7054
4587
490
1330
4785
3891
5780
3762
8821
1067
7684
9190
8516
69
5976
3479
768
5532
5162
3141
7728
9354
5236
5803
8357
3930
5907
5476
3255
4008
7015
1815
9137
3252
3172
2398
3397
6629
8552
1365
2845
6570
4905
3357
7727
8700
5050
9568
3484
3135
106
3951
5430
2823
2730
5558
7916
2103
7785
4033
1987
1077
6974
4745
5442
4874
5376
2887
7738
5781
37
8185
7040
1839
8661
9186
7753
9305
1003
1211
2369
4625
6008
3607
2487
9460
5795
7301
713
9485
3841
3102
6279
5004
6941
7679
7622
5969
8980
2864
3556
4440
3535
4002
3859
6703
9086
6904
1061
1537
3758
6668
2
9271
3431
7987
6472
3541
4388
5610
5647
4800
5343
7887
7303
7135
9048
797
5569
8575
1074
4303
2152
5696
779
885
3002
6349
9494
4532
7238
1753
967
8056
3284
4628
8922
1413
8235
2702
2320
5467
9379
9826
3143
4728
1512
9219
5364
3511
8663
1093
816
8614
8904
866
3884
6517
2984
3565
8883
3354
1202
9859
6091
770
4138
4733
6534
2706
6102
1426
2891
8459
7689
426
1725
1052
2269
1421
1941
2609
4027
8217
8432
3962
4874
3571
1127
8742
5235
8469
9399
7806
941
4773
7453
6750
2729
9094
8080
2734
4860
8471
8314
1935
5940
6522
1156
3232
3561
5264
5565
3392
2114
9983
5767
4046
6001
1621
5407
189
9836
3382
8039
2291
8249
8545
2801
705
7029
786
8538
2716
7857
8544
9216
89
9273
8534
2162
6056
1394
623
3411
2791
112
7066
1946
9368
1601
8286
7481
9517
282
2502
4391
8639
635
9917
8492
173
6657
6293
9129
2146
9305
6033
6866
9887
956
9123
6393
1864
3611
4128
4568
6299
8088
1567
3147
6570
1534
7712
5527
2874
2575
5897
1531
612
9048
7484
3362
1128
242
9044
2017
4754
1576
9342
195
2565
464
437
2655
1299
7272
7013
7058
2415
383
513
3855
2713
8077
9857
3952
6440
9695
8979
3911
7
5955
4993
2629
3078
7308
99
6326
2337
2707
3627
6359
9965
9722
9503
1846
1966
5534
9796
501
903
3257
3781
4106
1401
3632
9443
7701
8236
4064
5622
7582
3323
4528
6258
9195
6873
4371
1589
6604
146
6060
6028
6099
9165
14
2646
2451
1405
191
992
2372
1271
7785
7567
9967
1134
3277
1724
8524
2905
4420
7577
934
8262
67
1378
2264
7431
9210
5551
9895
2971
3977
4709
9931
40
2463
5341
8394
4324
6433
5356
6275
1411
4548
4977
6500
9035
4903
3214
3097
6707
2591
3870
9650
1738
4416
2452
2415
1988
4069
9156
3498
5486
8045
2155
5489
5843
3778
7576
143
9559
7847
9822
9334
6464
8029
5826
1932
581
5138
9231
3903
767
5495
7449
5829
5836
6140
8846
6836
4082
5018
6152
4987
7760
9708
3344
3003
2944
4619
3581
8182
5065
2693
7193
2418
8785
6457
9892
5386
928
8274
6402
4946
6544
6206
8175
4852
6224
8281
995
876
5911
363
4833
8188
5157
5738
9817
7325
7237
5933
7997
3379
1567
5023
6465
6779
8139
3244
1147
4884
6016
8267
3738
4551
7674
8376
4804
7476
5801
1069
5655
698
9926
9692
9376
1683
7857
4044
1450
6330
2533
9805
6559
4314
6125
1529
2922
3524
1104
4682
5580
4300
2440
98
3277
6641
8497
4314
9803
6839
8924
1131
2398
7795
691
6563
8668
8546
183
1508
4119
7638
4549
975
372
7726
3543
1480
4728
8689
2598
7478
795
8839
750
5145
6574
3828
8138
5464
4920
4354
2750
247
6012
5418
5987
2754
3079
8606
1564
8648
1429
9942
9720
982
115
6997
5681
9678
5647
1015
2961
1605
2859
2985
9396
2278
3473
613
8568
3846
4048
1449
9152
8037
277
515
9929
2397
2245
5723
692
5355
4086
765
7842
9463
5725
4561
9678
7921
8034
8969
6211
7578
4929
3574
1166
8364
6729
6631
2687
5895
1559
6544
1881
2169
7517
4883
4521
9689
5531
6509
5091
3457
5231
4367
1175
5237
3305
2359
5843
6772
4535
2363
3058
1754
4064
7794
4738
1791
4316
7311
2739
6320
512
3291
9820
7096
6008
61
4983
8106
5116
5960
7532
9422
3413
545
9388
2790
7513
4460
1748
7595
1937
3218
4001
1465
8876
2785
1538
948
5821
5520
6169
9893
7280
2285
6300
6789
8570
4022
6216
3332
957
2768
7733
1174
4218
9111
7188
9484
1041
2178
452
7738
9141
2034
7316
6410
5371
9351
1380
8285
7472
7791
9796
9481
634
7692
7358
4931
3479
1729
1279
6746
258
5065
2912
6942
3204
6083
9683
747
9718
558
7769
438
6469
6141
4432
3538
4558
3495
570
5823
2073
6127
617
3089
7251
5450
8742
2888
7635
3842
6416
3441
5038
7734
5266
4440
8293
8395
3133
4360
2924
8164
2709
5169
854
8873
3704
9941
7324
6663
4328
9887
8508
5332
458
7952
3438
7341
6327
3240
5570
7406
2688
2813
7861
7453
3838
4922
5491
8419
3431
3527
3030
3768
9677
961
6828
8922
3472
183
118
7449
740
9856
3453
6867
9837
2699
6928
279
6230
5557
712
9272
5906
8961
3084
7408
1546
7559
288
6062
916
1756
408
814
4789
9081
8107
8883
3517
8939
8035
9315
6304
870
9952
4447
1205
6694
2188
8765
4808
7060
7081
6101
1418
4610
3431
7988
1880
9507
7794
816
1033
1114
7335
665
1104
3405
4855
8328
2146
6181
1285
7879
6673
8661
5369
764
5047
7317
391
7028
9982
7146
537
6968
6252
6723
2905
5262
77
5491
8683
8542
6856
5942
4759
7279
7299
9217
5188
3486
1683
2267
1888
6106
3451
4690
8092
7023
6181
5371
3716
6206
2591
442
7629
2677
8813
106
9751
8256
6541
361
6577
8203
4631
8051
7963
4178
9586
506
599
9560
3236
2863
9177
832
2658
7055
2798
636
341
3965
1608
1232
2702
2920
5879
3089
5120
8232
3860
2143
4731
7403
5703
1580
7657
6566
1448
5688
1665
282
3730
8715
6218
2837
5507
9069
73
8066
8801
5862
5419
8094
6903
8157
7582
1944
9916
6559
9769
6532
9636
2927
4140
9739
928
1988
8595
3715
945
8707
2516
8583
9258
8121
6199
9987
8083
3765
6485
7582
4394
9905
7449
2419
7428
4827
2196
2078
6209
228
733
192
4253
6276
4901
3839
9970
8679
5527
8910
4523
3080
9518
7012
644
1657
6706
427
45
2988
8874
1255
4269
8177
5045
9616
5715
7533
9332
2126
7288
4995
4415
6305
5952
7857
9367
6938
2432
9434
8331
1610
1897
3579
1173
3669
4578
4493
3804
9361
3204
1398
1500
9009
3742
6091
322
5977
4185
886
3201
637
2822
3360
1715
4058
9508
3228
4393
5745
4670
2352
4211
7755
3648
5072
6907
5694
490
9577
1931
5275
9917
3127
1167
3008
5250
4483
3685
6897
6682
5564
8209
4526
6528
3584
5293
4800
8075
5576
3278
9062
8783
3134
833
8759
1347
7291
1204
7475
318
3233
6162
4907
2139
8018
5910
2217
7051
7916
1585
3004
761
5617
7414
6980
1688
8599
6082
6503
441
9496
297
6158
7433
743
4987
5824
9479
3856
1046
5656
8883
9130
1125
1781
9618
4685
1638
5502
3262
1210
5306
1712
1051
1899
8997
6725
8052
423
4517
7155
3731
5202
6671
8238
9135
319
2484
475
9088
3603
4019
3458
5470
9480
5545
1742
2567
3274
9363
3221
6224
609
9076
1295
6067
8572
7010
213
5446
8262
202
791
4204
4296
5460
3769
3029
1643
3585
3115
4289
632
6224
2612
8578
8254
1537
4874
6990
8702
1329
7345
6419
2358
9331
2158
2326
3977
2704
2342
6068
344
3589
7864
1753
575
7083
5155
5887
9566
2372
9685
5790
2194
8961
1090
7554
3520
2241
3485
1914
2653
4083
3590
5677
2141
9532
6976
279
2822
2036
1181
5377
2272
5963
7305
8846
2267
8234
4672
8721
9053
2595
3517
1868
8951
4266
1968
916
5314
6093
8234
6448
4283
8687
8568
3456
9353
1666
730
1067
6247
5634
4735
592
2642
623
5759
1278
1184
467
4452
9151
8411
2866
4470
6479
233
7470
914
9658
1817
1194
454
6035
6044
9623
8939
3586
3054
6010
8800
2389
6048
9406
5359
5223
579
614
1214
5261
5202
1371
2212
9725
3612
6563
2325
5514
4509
1315
4812
8330
121
1851
8837
5832
6324
2607
2756
2325
9105
2983
7653
5194
5828
3964
817
3896
2550
6578
6377
2673
4821
5413
4546
5775
5397
9212
2862
4913
7559
1675
7939
1911
4357
8740
1498
6931
2743
5821
230
9583
869
3388
3470
429
4425
2927
2041
7689
2735
345
2117
8987
2109
7239
4212
1801
4633
688
4676
5977
316
1066
8586
5860
7601
9482
2410
5111
4969
8963
9269
5106
158
6976
3487
9315
9090
44
1179
8941
3619
4174
7814
3025
2093
2067
381
2927
6813
2884
4908
7942
1838
8486
9460
2103
9249
8368
1320
8792
4541
6678
5973
1476
1745
1268
3515
2735
2
3303
2700
7384
2966
1014
4479
2087
8171
3006
177
1237
2228
3274
4890
4107
9121
8785
8535
2643
1579
4490
5337
5051
7865
2634
7194
1128
7169
1422
6167
7798
894
2452
8430
8590
4538
548
325
3488
1849
9116
7780
8944
7859
6648
8353
4413
1099
4609
7447
8172
5552
8332
3185
243
6207
547
6168
1122
355
4945
1735
2700
3707
8103
2007
4546
7094
2604
3564
5953
1101
1329
6571
6562
4940
6257
6726
3327
2303
1767
8326
9846
2982
2987
996
7749
629
5045
8452
8293
5226
5554
1662
8628
6651
7763
4554
5738
5227
6226
9543
6589
7513
880
2488
7792
2966
1498
9821
2294
9777
4218
1017
2405
6992
7482
1717
7621
397
2179
9984
7559
8778
5539
897
7266
4547
3581
6123
6169
3087
9067
5931
6777
9346
2894
4081
350
2754
3942
3609
8565
7764
1661
9669
8572
9907
9325
1593
2534
8092
9778
9106
7083
1560
3754
2019
2764
9735
7833
1070
7187
4534
4073
6012
1752
7036
6127
2825
5393
679
1785
3263
4817
8478
3091
8765
2097
2018
5512
3779
4573
2662
8390
9757
2821
9144
90
2714
9043
795
3771
7431
9788
626
5555
6253
6527
6491
6103
2020
2763
1014
2647
706
6094
5105
3921
2997
2199
7777
2752
4568
205
239
9234
5109
9113
876
3000
4199
6301
9011
3398
7403
1944
7209
9146
3875
786
1059
9689
1366
8609
7557
5733
136
5775
9138
8107
3057
5586
9349
1560
2156
4331
5483
5580
4958
2298
7050
2567
9361
3790
7362
3183
1005
4539
4415
1844
2338
7540
9528
1435
2820
6936
2551
2214
7922
3336
6293
5604
7973
6230
2050
7813
2610
5226
9869
4774
9085
4846
8758
2027
9002
7065
7134
474
5440
4089
1671
2292
8589
1577
1038
3103
3072
4338
3937
2398
7911
5726
3918
2258
5125
7432
3498
873
143
9374
6859
7221
5316
6152
6035
3080
631
5299
2457
5019
6570
4070
5573
3150
7417
1670
7784
2137
8256
1637
1670
6529
5561
533
9009
3943
5046
7866
6547
5530
8231
2733
5768
1549
6137
9388
3413
5059
1724
9407
6249
9430
5263
9382
6910
6295
1081
5407
1932
4399
6086
9379
7899
5892
5725
4528
7586
3272
5659
865
9441
5100
7870
5529
759
1313
2959
7726
9169
3423
4572
2002
5840
4750
449
3070
4070
2801
7939
3063
9372
292
8472
5778
9859
5914
87
7779
85
5017
1432
3089
6231
7393
1959
2550
8542
7767
6922
4722
9146
4688
9260
9103
2707
7672
5173
4416
6671
1299
3640
8818
4046
1515
9802
404
9202
392
122
8419
942
4093
7249
6558
4425
7263
3302
4265
239
641
4654
1372
8053
1754
1871
6379
4598
152
9344
113
3695
1102
9439
8181
5588
3913
8270
2895
7005
416
667
5812
5136
4153
5434
3596
5468
3897
1441
2485
9263
6756
1631
1921
3445
6482
9882
5386
9997
2434
6421
5045
7242
2776
4954
6404
8355
8369
9369
7542
6839
5368
6173
5321
561
7794
1271
4192
8115
5635
6746
1455
6066
2995
4834
9987
3534
2667
1969
2447
9580
361
6808
7904
6322
9828
2510
7698
1887
2137
6064
1948
8117
7667
3109
6759
4771
73
3309
5580
3571
5762
2405
7946
9836
8996
9482
615
3221
9097
1224
5774
8935
3395
7885
1959
7102
8774
5119
7204
3820
8339
1942
4279
5738
5126
7751
6449
4859
5413
3102
3045
1759
2297
6376
6907
4369
5017
2362
5473
6525
7345
9266
636
4754
434
3448
3356
5999
2098
5088
1997
1406
5908
9294
4570
4474
2467
6470
5676
6990
6169
3520
1312
7595
9708
8645
3286
757
1415
1816
9381
8315
8950
5524
9117
4177
8234
4381
2692
1947
9709
9797
2962
9129
2160
3823
9224
8842
4912
1416
731
2014
4456
4470
7151
972
8959
5504
350
8028
3298
6328
3640
3250
8156
4705
756
1943
2225
9681
6004
1382
5866
4708
7590
5872
8635
4266
8631
8525
1057
9630
8659
6032
3767
4612
2455
8757
9735
1151
4184
6009
8541
588
684
7670
8503
2142
7653
1770
4377
9527
5374
7107
6494
5167
2702
9945
7688
4068
9722
2935
6872
6623
3655
7032
4905
2254
2301
3082
7223
4404
1031
2498
5581
4633
5542
3292
9692
8271
1397
8236
776
8706
3560
1654
2907
1803
798
9190
2349
7970
9077
4157
3467
669
8092
7546
5236
3993
7939
5296
7427
867
8111
9001
7271
4228
4027
8311
8174
4631
3640
9250
7183
5864
7156
1684
6743
7547
4569
7069
1516
6166
7196
5251
2445
3324
9862
2313
4138
6311
9375
9035
6224
3986
7286
4436
9101
9728
6909
5852
4369
5227
2017
4433
3365
8381
4856
5248
7782
4596
5043
176
185
5158
6963
2476
435
6210
5159
6555
7184
5742
4627
9774
7761
5058
7597
5637
1603
5249
3537
638
90
8719
2421
5019
5405
9555
1542
9966
6490
1114
1409
916
9610
8869
4350
6524
5679
9409
5702
6547
2874
1041
9525
7149
7546
6746
5258
6641
5359
9963
1308
6785
6108
4902
8631
629
4074
479
5460
4067
1353
7873
8246
6077
9777
4695
5761
8488
4871
3438
5157
3508
3628
5812
8776
6460
4879
5532
6161
9372
6531
6994
240
986
8171
3909
8988
6611
3905
9622
2293
2931
8214
7468
6199
1503
4404
7937
7872
4963
1919
5532
4472
8035
153
6795
2031
368
4565
4029
3942
5802
9476
8090
2339
4924
459
5104
9607
1897
8310
2635
9612
8496
5221
7935
56
8078
7556
6693
1279
4113
7897
9504
9125
7717
1015
8011
2176
7757
2431
9537
6107
2463
950
4008
6999
2396
4657
9642
5581
5546
6349
2578
7167
528
5323
704
1212
2046
9016
4201
7458
8295
235
9918
8093
4476
2872
566
4958
3734
3777
5147
3831
3727
7612
2558
6738
7293
9296
7320
9537
6636
4601
2127
4961
3447
3419
369
4712
291
4915
9743
2493
2104
8488
8073
3686
6989
8625
4674
5436
1519
1168
3456
2636
4605
3372
8722
2487
3587
7420
6014
4664
129
687
4438
3525
1368
4713
9622
8095
7121
4408
3485
4804
1449
7589
6774
7812
1756
6229
9218
4832
7101
9615
7411
2030
1503
6376
7831
5689
1715
7226
4719
2262
4079
9187
5996
8209
5191
4074
8709
1046
2491
4332
1638
1531
2765
6740
6905
9914
7485
5418
2586
2301
2131
8402
9177
7106
1543
7605
3649
2542
6016
1021
816
4702
8472
4617
7171
6728
4121
1184
8272
9680
3495
8131
6495
8102
6776
5787
5621
4061
7316
1442
3758
8183
7957
3005
3430
1787
9851
3830
2101
9753
335
4457
3765
3860
7170
8692
9361
6142
2881
1169
3083
690
4583
1824
314
9034
6047
3581
3519
5936
8820
2258
66
8402
472
9189
5022
271
6349
7457
5429
9613
5619
4082
2081
4013
5007
58
1593
3911
3492
4657
8220
9183
3760
8713
1501
7449
5318
1119
3418
5336
9955
5309
2635
3986
6095
5309
2020
2127
5922
8024
1191
5648
1217
3277
3097
205
3652
8301
1951
2151
9909
7090
709
3676
1158
2192
2746
4072
9151
3972
6364
1272
212
4233
8363
1866
6815
2201
7581
5473
8095
6128
3310
1349
1692
285
6945
4727
1557
7730
6583
1378
6280
8170
9034
1132
3581
4474
7815
3867
6144
4896
2887
2581
9482
8808
536
6080
6363
7758
3676
1097
7366
7117
4446
2064
8280
854
6028
9071
3606
1788
5
1915
3602
5260
9057
1988
5081
5179
4887
9575
5853
2087
9599
9378
2938
8351
2325
3079
855
4495
4470
4650
7660
1795
4075
9157
9514
4860
2367
3051
8506
8993
9214
6680
3638
5037
8732
4151
8910
7846
302
8302
3097
5854
4697
836
7401
8482
6214
7443
4216
8160
1551
8041
3652
6901
8697
7320
1077
1188
5837
1276
6823
3283
8277
6221
5705
2752
9119
7930
4688
656
2513
422
7816
7288
9737
2047
2777
2149
7263
9816
3602
3797
7995
9705
7284
9768
4236
2269
8349
1057
9468
9513
9456
5767
9437
5948
5310
5145
671
7361
7763
606
1970
3409
2303
3465
7619
7206
4863
9563
9461
4426
2183
7571
4157
8671
4671
9232
7737
2536
4663
9736
6445
9203
8520
9121
7404
7514
9305
156
5808
6799
7434
4721
4743
3397
5745
181
4954
9181
1583
4153
5098
6942
8413
4157
8777
5742
2792
1665
5843
9885
1303
3867
8775
2945
4213
8788
8390
491
1951
8397
4886
1336
6555
6368
3011
1668
3443
273
7939
8921
8701
3779
5348
9206
9000
9767
3573
4699
229
5839
4462
5584
7679
4480
1292
7060
6777
5078
6797
6435
8435
8721
9396
1537
6216
477
8474
7108
3335
3120
6257
5022
2492
8909
3046
7959
6475
9109
2195
3449
6728
5741
494
8005
3381
9258
2737
7955
3513
5705
8550
550
5658
9195
9503
8222
999
9406
5216
4407
5444
9735
8730
5839
1202
9706
7492
5845
6954
8796
8215
1549
4118
8576
5815
9728
1213
7790
3130
7456
4537
2754
7478
2904
9527
6640
5979
1826
2954
3125
5609
115
2140
8088
9567
4337
5090
6432
9698
5588
6010
4687
2887
1322
9700
3420
6029
2453
1290
8782
2794
4383
61
3860
6576
2782
5054
2642
7547
4386
6966
7206
9194
4442
3219
2265
6503
2087
3503
1457
2357
7273
8382
2978
8277
9813
6388
6005
7701
6696
6000
5665
2965
6309
3465
8629
6792
6234
3780
3415
5204
4209
6735
5271
4725
6322
6397
3613
468
4934
8783
4594
8367
6086
9579
5226
5718
3522
5339
8622
6017
1181
4260
6984
7361
5653
4257
1159
5282
2177
1292
6259
3833
6948
7673
6522
3312
1518
2479
313
7835
3217
1652
38
9750
4112
6596
2522
4909
9380
6397
3580
9863
2552
9465
2360
2496
8548
6825
5919
2130
8984
4907
7976
7151
2062
3816
6676
126
3985
6077
5295
5407
5677
739
5811
2157
7996
2413
9142
351
5807
9822
707
1914
62
5668
5126
727
6406
8005
9729
8300
5025
4020
2604
6298
148
1904
1401
35
2177
2761
5285
2309
6845
4528
1035
2600
8892
6907
7107
9247
5416
1505
295
5326
6241
8392
6869
4873
8366
5160
7217
4757
8897
5211
1218
7294
249
2996
4909
2627
3873
8122
9135
9217
9062
6495
3955
2779
6405
593
2915
9443
2387
412
4684
7080
7830
153
6778
4619
1857
8488
1314
9295
2653
1909
4575
7422
2626
6666
4707
338
677
9601
6335
3671
8923
9972
5087
9274
3052
6675
1676
9773
6083
3841
9749
8986
929
7788
3016
3553
8626
1943
9113
5360
4583
4214
6885
8846
562
149
7857
5845
9153
5780
4827
2602
113
7955
3810
2041
1763
4854
8690
449
8268
2342
9623
7114
4647
9892
6067
2575
3477
2986
58
3979
4325
5040
9850
8324
9390
1704
9737
6335
4329
199
7222
2830
9851
4528
7393
1533
7568
8158
9495
453
1284
3389
7670
5226
7082
7142
1407
296
5647
5542
1257
8757
4681
1961
4993
4146
5498
8
2559
8803
8080
5325
1733
8777
2542
7582
8865
4249
2309
3294
5489
1179
4284
8235
4342
2992
9808
1653
5088
5216
4772
3533
9721
9264
9289
9013
8959
7421
9032
4921
4505
3047
7996
5658
6922
845
1630
8563
963
5025
3544
3082
7059
3575
6795
5765
6698
6447
1979
5701
7707
6781
3143
7636
9024
7617
5367
5015
6295
5992
8223
1584
3193
7695
6656
9090
7643
3726
1358
9985
9886
6809
124
9702
530
5182
7618
2221
6695
2284
3889
1243
7635
3617
3373
9903
7344
2509
1369
99
6957
9992
6577
4127
5188
8269
5856
4826
5612
8210
386
670
6053
1765
8308
3671
1680
8772
2008
9832
193
3449
4612
554
8173
8896
6122
1601
7230
3591
3234
6046
4005
5441
6291
826
8078
3014
9488
1190
8463
2779
9903
4412
3595
7161
7270
9985
4019
8189
8654
2122
1084
6811
4634
2391
1132
3696
6752
688
2285
8035
7429
7531
612
8662
8056
2519
1291
5215
420
6473
9802
4254
7113
2720
1589
698
8773
6343
9983
6732
6827
2710
6140
8487
7029
5493
7987
2067
2998
2623
3683
1909
1784
8942
909
2268
6260
9753
2191
4091
3329
3319
9616
9982
9699
9918
9415
5210
8132
3133
8646
854
6033
8098
9572
288
5515
3961
1241
2349
6142
1633
2658
4545
4734
2236
4612
1143
5996
2260
4557
5150
1529
5077
3798
4608
8370
6090
1972
2815
6521
9960
8254
8286
8532
4753
6425
4778
1055
1862
4975
3716
7676
7084
7423
9740
3435
3881
8317
6346
3700
9051
9642
7100
9761
8646
2142
6503
4841
5096
7266
8428
3735
411
9850
1482
2617
3958
7567
505
2500
9712
7515
5434
7717
7714
4301
5224
8402
2840
9629
9834
6767
2596
5962
5513
6381
110
4766
8777
7085
6780
1139
5429
2178
5946
7359
2651
9556
7191
1626
4081
6864
5595
5168
8531
2541
4504
7746
859
2425
8717
5127
3579
9634
9025
4368
9529
8801
386
8633
8184
1777
9658
9788
7055
5086
8154
3487
4248
1432
2086
6765
7847
7142
2749
5235
9365
8343
6003
3632
9688
2483
5276
8591
2208
7888
6199
5506
2481
1170
6485
5204
6728
9546
3333
2128
4524
1374
6478
5728
99
6169
5288
5758
734
9769
6247
1990
7345
3303
5925
620
1235
404
2362
2122
9102
606
1323
3490
2852
4226
5628
6562
9407
8235
1395
2773
5490
6488
5131
2517
1041
4396
9409
2655
6601
5167
8991
4639
4574
1282
4979
1146
7792
9232
9675
5627
1417
6256
63
8325
9157
9286
9306
1591
6398
8969
262
2029
852
9055
7364
9747
261
789
6997
9237
5646
6027
2200
945
4222
172
6849
5886
6467
3867
8817
150
1396
472
760
1711
1514
8994
3028
7927
588
9415
6884
4749
262
1655
3517
3661
6916
8199
8616
9283
8000
8689
5207
7425
8934
3768
162
5147
9761
3769
5443
6864
3908
8221
9
6307
9015
6667
3309
439
6699
7962
9551
4313
7756
3748
9003
455
2978
9783
6046
1807
276
4149
5167
6978
9866
4523
2860
9143
4605
3454
8722
3547
4605
1473
9816
8262
8254
4291
2105
7114
9408
5094
3916
1941
7834
1546
786
501
1059
9448
5947
6699
652
9323
7957
4968
1149
4536
4306
1668
6282
2478
916
4845
7266
5048
1528
1436
1316
3584
4029
5252
9551
9326
1311
8308
852
861
4612
2924
6538
3951
7826
8268
6094
7127
9932
1799
9588
948
743
3478
8110
1325
9805
1898
9880
6903
397
4889
3150
4884
8172
7769
5531
342
5788
5083
4271
9602
3447
9263
4059
2367
7881
6725
812
2221
3448
3940
7890
9570
2145
5427
5052
3135
2031
7508
6131
4818
9754
177
9215
8165
3658
1566
4713
3987
8999
2414
3214
2427
8543
2082
8588
861
2546
7692
1324
4625
7022
6850
429
8455
514
9533
393
8632
9313
9873
8582
5772
8389
4743
8059
9989
8044
8838
2716
3513
6500
801
4996
461
3471
1850
2463
7532
3459
3987
8289
2775
4657
949
4422
7814
8767
2521
2695
6893
7444
1716
790
7945
368
8641
6870
10
8502
3030
9993
6331
950
2695
1336
3164
9035
5801
2553
7153
2942
8271
4944
3379
8869
5969
1764
6228
2828
3643
4060
9312
9934
6226
8278
2831
2656
8416
1956
5046
4906
1504
9956
7022
2275
5654
7099
7020
6552
8037
6109
2335
3736
8916
3131
1657
2063
1739
9913
8740
7949
4967
9483
8470
9027
8525
459
1727
4105
6907
1258
127
3007
1914
1553
2197
6478
5216
9442
3810
4713
2418
3072
6347
1013
3894
3351
7565
2419
7478
2490
5707
2838
6897
3864
4787
9462
43
2233
6815
5071
197
9082
8872
438
9751
4467
6212
474
6634
3618
8272
355
3042
9910
4249
7689
3432
3225
7811
835
6710
4474
829
7883
5212
2135
5372
7867
431
4644
1331
294
4257
3818
836
8229
2428
4991
497
3820
4567
925
3595
1865
3883
7890
5676
1208
7040
1732
1968
7110
9616
3454
3581
1312
637
3132
531
2182
2382
2639
2302
1330
8628
4221
4553
1503
3595
1000
7373
3752
6093
4153
3592
8255
4240
313
4056
4438
5648
1996
8966
5149
183
1706
8127
3097
4392
7659
6253
1181
4811
5407
3461
5079
4370
3143
1178
7561
3994
7475
9391
6179
5326
2585
4457
6410
6054
527
5714
9927
8124
1605
9578
6606
8911
9986
5688
5721
48
6649
7055
4961
9882
1111
2476
1865
2703
6316
2075
2214
653
308
312
1743
1359
7201
8755
9405
5152
7959
9054
31
9258
4179
3744
7197
444
2969
2444
1062
6779
7976
9259
9192
8399
5148
2821
4075
3326
6689
6879
8907
9094
4302
5263
9729
6052
7077
747
3948
4482
7638
9039
8641
5756
3067
6589
9548
9331
7219
78
8594
7835
7150
183
8565
7279
1858
3751
8131
7076
168
1036
7035
2955
3926
9958
4332
4192
9882
291
7004
2096
5967
5402
1491
3719
1695
8467
626
9895
3638
9027
5122
1621
1934
2213
221
9853
7053
3012
6883
1093
9751
8405
1290
2015
2848
6129
534
1625
3442
8097
4369
1118
5400
738
6167
7775
2405
5463
2976
4236
676
846
1371
8684
7325
6571
1923
8253
352
6720
2640
4549
9985
4158
4669
3991
6224
757
9634
2225
4931
5079
9246
1
5363
443
5426
8984
5712
270
428
1511
1906
7748
6447
5894
813
8187
5739
7812
4687
7520
2511
9592
9946
43
6152
3925
6361
550
739
3661
4080
4827
4663
8285
4916
3483
904
1573
6980
4458
442
7355
8003
312
4579
8421
5299
7563
810
8004
2912
1656
2482
5809
2902
4528
2045
47
8303
7399
4623
240
7533
9232
4000
1828
3296
8643
1197
7628
3525
7489
8205
2572
2268
8847
7019
6078
9460
221
932
8116
4277
683
8414
6005
5305
721
1186
4393
7032
7452
3656
8192
2638
4521
6302
3548
5963
7978
5749
607
2904
9813
4553
7502
2321
4684
9866
7589
355
2071
7451
1333
2611
7629
7527
1976
1656
2818
3675
9077
1878
90
3043
2495
6968
1404
4293
9848
1241
9378
9460
9522
5151
3660
7522
6598
741
9588
3414
5438
9972
1548
1574
860
8829
2259
1392
3486
8693
6679
7115
4633
8909
1461
9077
738
8221
1964
1640
1868
7869
8095
398
4651
4448
5208
4077
439
5661
6170
1058
1484
6587
4016
5622
4334
680
4433
6719
2522
9926
820
2870
8456
8643
3456
7872
6765
5267
668
7515
5004
1388
9286
5399
1196
6494
7967
62
8901
5581
3587
9729
4916
4652
9302
9121
3087
2232
7514
8455
1826
5022
5053
6992
6263
906
9008
2889
2163
6861
3890
6755
9597
9546
2202
786
9083
9901
7668
200
4469
6968
3298
8953
1914
5852
6084
9370
9713
4240
2579
7163
4104
2241
1431
8463
1896
4086
936
5636
4842
7855
833
3667
6370
9370
2704
853
7866
593
3770
6447
346
4323
2940
5068
4946
7869
6573
6710
8602
7909
6319
2241
9985
4787
3780
1156
961
8829
8189
4212
36
5789
3101
6031
208
6785
9180
6866
6957
3742
7895
1800
8712
7362
5669
3263
6352
4197
7237
8056
3949
8587
2451
5883
2192
4793
4009
2309
6453
6929
1858
8815
7462
3211
8250
8156
570
6130
433
3023
6378
3433
8990
1510
7427
3624
6672
7351
8167
9895
2528
533
1550
2037
1410
3711
6699
7573
4298
3765
105
3862
5884
9544
7252
3086
1035
6829
4707
6818
2515
222
6467
2436
707
5293
9584
4426
9745
2886
4220
5687
7345
7840
9026
8632
1665
9791
1732
7165
4300
7833
2080
7457
6718
9282
2977
8040
662
5511
9410
9765
1991
6660
5421
4309
1993
1410
1506
827
7390
1681
355
2473
4398
9549
764
376
259
8448
8480
6596
2337
516
3550
2774
3901
8067
8866
9183
8302
5885
5544
7438
4497
5429
7548
8431
3542
9977
4541
2945
6376
6011
576
7953
2874
2193
8592
1128
6861
214
5058
8622
9854
3946
455
553
9724
6173
2347
4166
6023
4947
2891
3683
1620
821
1236
4406
2861
2612
709
8334
6965
6922
374
2596
4025
5983
6098
3309
562
2117
288
2143
7032
7952
144
7277
624
9509
8896
2929
1653
2158
3310
677
2133
8680
2104
2366
3314
5097
9439
1958
6521
8577
1514
549
639
6972
6103
6986
7479
3744
2620
4363
5425
7178
3660
2327
9549
6560
4101
9172
6684
7666
8661
4859
6951
2065
5053
3452
6505
6236
9102
4286
9607
2244
6576
6247
8016
3083
3666
9909
288
2237
2523
647
6238
9226
7391
9707
4517
8448
4381
3972
7408
1409
1653
4567
4927
1782
6903
7954
5798
672
1399
26
5188
3494
6028
2320
3425
48
1047
4512
5728
4943
5425
6341
8324
3767
237
4844
47
2442
5741
6067
981
4241
5089
3822
2240
6682
634
7414
7645
8857
9596
7822
3011
4572
8578
4947
1524
7568
6699
3039
2283
873
8114
8187
8293
9010
5675
7855
8413
4929
4953
6999
1072
7222
2157
7827
4511
6256
7513
9659
2418
6380
691
4109
8041
9035
5941
6997
3806
8206
2433
8007
4886
6305
3937
7692
9287
1857
2988
5527
8244
9595
3237
211
3843
4691
654
3787
8863
6526
4474
1573
217
2332
351
8876
7721
7909
7242
4024
1171
975
1789
3356
6149
937
2275
3148
5629
1895
5157
5177
2135
603
6021
2299
2579
4700
8247
5210
6005
102
5727
1160
1590
3262
2725
8414
4456
8127
9589
1570
4295
1302
483
2834
1099
1846
5996
3616
4250
7177
3208
3705
8762
2740
604
2691
7364
6742
6140
2467
7668
1309
3277
8153
5117
8181
1271
1608
4698
4365
3818
3686
7006
9335
7800
7180
3725
7996
5888
2490
1060
74
4523
7451
9555
1164
7327
6416
5035
2372
1073
4011
6769
6423
4375
5802
4498
1733
3516
6990
5010
1267
4524
872
9341
983
191
6783
3502
6192
3891
9392
7853
6111
3953
9138
4451
6213
4866
836
5130
6779
8555
326
6704
6264
579
1217
5082
2067
6821
8740
2852
3541
7152
3708
6310
8233
2172
5022
2787
9347
728
7988
4043
9915
4303
7507
4800
7013
792
6293
6246
1358
7948
8535
2292
4724
227
6881
967
1458
7143
3453
5413
3047
1130
1430
3646
7618
1188
6014
7839
9036
3156
9436
8929
2386
1511
5793
878
958
5575
7061
963
8177
8795
3267
9041
7071
8748
3422
2366
9878
4343
3150
8441
4444
3710
794
8314
7013
8954
4931
4359
2110
1963
2571
675
6873
5551
7361
1136
7525
5361
8106
2118
9097
8169
9246
3116
7709
626
6268
9891
3892
4936
810
8659
8778
4448
9757
5996
5303
7586
961
1118
9709
5121
4437
4884
6435
7787
1255
1483
9726
4427
8504
3185
3129
7388
2715
5977
9473
136
5439
3691
1328
2351
7686
3479
2100
1203
6977
5242
1066
1392
9195
8233
7772
8857
3791
826
4837
2285
2070
2643
9885
3017
1473
8122
2102
2455
2831
2555
4401
1860
5579
456
7629
1919
4902
4298
8253
9612
8844
9398
7909
4265
8678
4347
7105
2120
4939
8072
258
9947
5155
6603
2246
4718
8506
723
4562
9390
126
9383
3199
8200
885
2447
3391
5132
9533
4256
5882
5839
6913
3446
7865
3680
8565
8457
3998
9906
7391
3618
9214
2936
4498
1271
2477
8288
920
3570
3396
5062
9403
2736
9713
9385
7568
5333
2763
4170
7808
6060
5951
5504
8276
6732
6860
8537
8685
7127
4185
9035
302
3884
9550
4633
3926
1388
6837
8193
910
7305
2622
9250
7947
6730
9753
3178
8512
876
9252
3805
9955
4275
1601
1427
5402
4382
2018
4424
1730
4328
4516
7255
9084
6378
5397
5424
2884
349
4596
8662
160
3150
2500
5046
8977
6843
2092
1665
9113
1018
7118
6282
9465
4840
9458
4715
789
1774
8062
962
4439
4096
7972
2217
4109
3408
3096
2131
4704
1119
9164
1858
5122
6691
5578
8470
547
676
4638
1392
719
8689
1806
6404
9543
4592
9766
4797
7451
2162
2180
2922
417
3108
989
7302
9813
7346
8138
5974
1086
9814
723
7803
8088
3022
3750
4791
7794
5100
5731
460
8902
967
9735
5008
3841
5310
5955
5373
3263
3021
4201
6133
5588
7704
2227
1906
4009
644
3071
6059
145
7429
2027
8419
7638
2338
5433
3116
9701
1445
5903
41
275
718
3486
753
6266
5879
9500
3086
4789
2706
1584
8101
1636
6495
7434
6817
299
7402
76
4120
8781
1537
3945
5087
1233
4994
7289
8505
4734
5315
166
954
489
3292
2566
2187
5079
8974
8821
6582
3217
2071
9854
3424
2084
941
8325
2982
9889
6984
3557
2064
5912
1661
529
8563
4475
8916
5241
7891
6402
2699
6427
7381
6187
8179
7939
1778
9708
5048
7809
8279
3287
7583
3126
2969
2712
2456
7562
2791
14
7298
1996
648
5428
5437
7463
1459
8874
6331
2734
6221
4053
7856
9716
6572
9087
2889
6602
218
4556
1657
3238
2070
811
93
204
1493
5558
3825
6108
6502
8246
6604
775
2978
7317
1159
5455
8626
2625
5691
7355
2763
8170
9399
2531
5700
1305
2737
2622
9864
940
1028
5190
2663
4002
8759
773
9031
9952
2575
7374
4839
2477
4858
6826
5364
7696
284
8893
9029
1780
4808
2932
5873
6326
2612
8430
3761
8219
5550
4580
2223
6144
5677
8262
6509
8927
4384
7028
8963
6202
3363
3877
6736
4888
2769
8024
2993
2281
5395
1205
9296
4312
3509
7166
6036
3628
2794
1607
7910
7178
6886
5007
3636
6827
9561
7674
6958
7830
4140
125
7965
8202
5716
3382
8643
