920
6496
4694
2829
3451
154
4735
8559
2410
8938
5160
1643
2553
2494
970
8658
7974
4459
4290
5497
3819
1458
7566
630
6355
4026
8460
6775
6546
2257
1513
1635
4485
5525
7331
1820
627
8708
6860
1788
583
8683
3755
1684
3755
1828
4073
7548
1778
6840
5052
5644
5138
180
7691
8025
4077
8969
7375
7196
5315
6731
3354
6468
29
4715
3416
5708
4624
4552
2390
4326
779
1240
1851
3775
2375
4972
2217
6204
171
7449
1960
6338
1585
5563
904
8636
7769
3940
2304
8661
6543
6770
2536
1293
5795
7447
8471
3384
8421
5306
7794
6266
2643
194
6898
7055
3617
2507
2145
4975
2748
5121
5576
5294
8475
6369
616
8202
3154
4135
6163
6997
324
6602
5310
7915
7124
2092
3694
7837
5320
2094
5931
1732
3715
536
7125
5089
2006
6989
3674
4112
3658
5909
2762
5398
6076
7260
2655
7799
6789
3112
5676
3018
5141
79
5000
3409
6044
8783
3527
6103
6053
1432
7870
8726
3583
2244
1777
721
4136
3950
6834
6908
4017
6392
376
1364
6880
4142
2794
2008
702
8288
5790
4518
3598
1990
891
251
102
1779
2831
3706
5198
7500
54
2598
8626
5178
7168
2507
1661
6738
1621
7254
972
2150
3359
6636
3092
1821
4708
16
225
901
6767
1134
700
6641
7954
2061
6927
5501
4282
2098
672
3566
2871
3479
7177
5959
4663
6970
3032
7134
1790
7689
2632
2333
8731
8252
8210
892
1970
1907
5169
395
2857
2566
6689
6093
226
5468
3747
5273
1068
4938
1688
2978
5038
8525
1383
1086
1057
27
8589
8116
3041
4412
5864
3214
8616
2158
2128
3102
3399
534
2139
5597
4714
2010
8499
4495
3838
418
2637
7378
7521
1320
5617
6124
6214
3469
1025
3164
8108
6698
5240
2169
8530
5936
2089
5968
3354
2039
4209
257
6503
515
1058
1168
4516
1901
4461
8937
4586
190
3658
3828
2693
8534
919
5257
4252
7450
7331
8845
6355
635
838
4202
6831
7611
3111
3476
877
7355
6993
8064
6887
1936
8499
183
7164
2981
8571
2656
6211
6321
2198
8092
6052
192
902
115
5971
752
2672
6340
681
7530
4553
5129
6105
2432
3886
785
6060
6310
1884
1455
1786
3817
7154
6399
7910
8556
6313
1161
7508
1657
1796
8774
6289
5076
6674
2639
3215
691
5982
7710
8284
2690
8303
1244
6438
2764
809
7225
6917
1019
2055
6033
8925
4576
1810
3132
7462
3198
203
1238
1505
5369
4401
1125
1602
5036
6224
6426
2085
1888
1158
7438
7614
3552
8411
2485
8785
5713
1980
7656
1594
2496
92
2052
107
6923
544
8448
6344
7529
2669
2301
415
3621
4529
3750
5321
6797
4322
2454
4744
3802
551
6528
5549
7712
1321
3202
1783
1709
5653
8091
3161
6015
6513
403
1520
8085
992
5050
4447
3135
7468
16
2170
7330
7431
676
6316
1235
6518
6136
2573
597
3667
4201
8363
3078
1013
3813
6899
1379
3470
4837
8420
8820
5553
1010
2369
8227
8725
8460
2065
1341
6379
7813
1805
8859
3000
1492
4853
8666
7471
5173
6079
7974
7831
6925
6637
5654
2947
260
8777
5040
6948
507
1696
805
3992
3069
1641
1039
5652
6186
7705
5943
8790
4078
4244
8108
1272
6737
5881
7373
3785
263
8858
7328
2494
7159
1079
5851
3584
4761
3758
2671
8226
4417
7889
7580
8906
5688
1893
2631
6097
265
8738
7553
5969
7825
1987
1593
3002
6656
4660
4274
8016
6852
5259
6823
2253
3804
1517
3858
1911
5250
7182
4372
581
7850
7371
8062
5283
6895
7240
4887
6272
7069
2833
2670
6000
7513
8735
2271
1155
2724
6034
987
4585
8374
7205
2847
1576
5584
2755
7519
4659
3226
7851
5491
8393
5138
7098
1855
1792
8414
8070
6825
244
73
163
1492
2279
1929
1268
4889
6926
4314
6423
5693
5862
8723
6725
5973
4234
5189
7708
693
7178
4580
7835
3937
3745
5478
42
7259
8651
6089
132
6435
4705
8425
5394
8557
3675
4879
5669
2195
8736
7893
2031
6579
3573
213
6470
3820
1984
5194
406
3834
6583
4142
410
6161
850
7970
2471
2613
546
908
1469
8040
2013
6011
3275
8541
8839
7870
7102
2786
8701
5362
3717
4299
5553
2698
2812
8552
5710
8369
6508
8152
5383
1539
6339
1679
3736
7113
6029
507
7512
435
1550
8660
4250
3944
5538
74
4070
6129
6580
3473
2129
4036
271
1791
8582
6549
1468
8982
3575
6294
3097
6244
5564
8134
5426
8319
5238
5456
1311
1247
5049
82
7778
7852
1156
5582
283
3454
4318
3806
1338
8276
6975
2192
2976
692
7872
545
6346
3064
6064
4910
4938
1658
564
2693
6868
782
7609
3234
4651
4030
7913
3494
7253
8723
8968
3481
2370
7342
3395
7848
8444
8823
8252
2722
7891
2237
331
2100
8088
2244
7956
3357
3708
5861
5345
6243
6932
1503
3893
4164
747
4315
6541
7937
1028
5357
3642
8276
7898
4758
6495
7419
4071
3967
3227
3517
8709
3104
3836
7217
4084
7654
1729
1814
1097
3027
713
2428
8679
830
1045
337
4452
716
2335
3416
8147
8543
526
3588
8921
6698
3695
2347
8702
1975
1282
6925
6210
7911
8869
492
2298
2641
4777
1277
7670
2286
3087
8284
6304
4576
8046
3454
6106
7683
2053
4535
2420
1260
1471
8013
8594
1598
2472
5460
5950
2123
3314
5919
7943
2791
3876
5552
6253
1856
8344
575
8519
8562
4048
4815
3987
6160
4884
8566
1618
4117
8346
8211
6917
7640
1042
3841
4984
933
125
7138
954
1216
6234
6279
1206
140
4980
6539
2377
7602
8052
3840
560
5693
6214
8457
4661
6722
7290
4158
6149
4253
8050
7430
4722
6463
4163
5167
6008
2612
4114
4273
7150
2264
1276
3264
6260
7914
6417
24
5275
3688
4830
4051
7220
6898
4078
2862
3113
1659
109
4738
4314
7289
6929
733
4238
8942
6509
8601
2447
2391
1299
3093
2159
7337
6941
639
6484
2868
7336
1619
3694
1080
5925
5093
3825
4244
7173
6290
5644
5053
8249
7469
4156
3635
1275
1109
5453
6984
8045
1843
8087
7249
3148
8578
7913
4623
3648
4311
6412
4103
5363
8320
8902
8813
7427
6641
7778
5040
7654
7785
1129
5070
3969
4147
3287
5504
3909
3536
3764
2097
8358
7866
6061
4680
7033
6796
4918
2660
4642
2213
7471
735
4080
3947
8520
3763
693
2692
3738
586
5053
5607
2044
7538
1514
6145
5335
6532
5977
1188
3278
3773
1270
7482
3605
8582
5423
1055
5692
5326
2687
1892
5192
6872
6313
3968
1592
7271
4239
6441
1839
4909
1910
6560
1418
1491
8728
3475
3079
2267
5861
5275
8920
8457
5758
3398
7307
7592
2233
1287
8383
2209
5362
6193
7373
6181
6508
7363
7928
5500
6220
3045
1299
5735
4165
3704
2406
3375
1902
4580
1844
1104
4580
7147
3661
4104
869
4490
2482
5386
835
4768
6874
8271
2264
5871
8568
4708
4932
7984
1455
4710
689
5491
3435
1858
8839
7075
317
441
6961
8656
6395
2904
2658
2790
6721
862
7061
4915
7632
991
5041
8422
4417
4558
6509
5059
7783
3463
829
6139
4190
2802
1137
2888
8419
6219
4950
2494
7074
1398
7452
6828
3622
7775
28
8290
2025
5808
8003
1493
3840
724
1815
814
6985
6537
3268
8088
1028
8843
8468
3432
459
6290
8057
2863
7967
1973
3008
3619
3793
1072
188
3724
7202
7353
3204
4282
6384
2097
4514
5931
5437
5614
6721
554
1093
3836
1722
4739
1708
6763
3963
5235
8033
6444
6197
253
6243
4022
8920
855
3023
973
1565
147
4875
8362
40
2657
5290
6653
3192
26
1373
3966
7972
8215
1346
5380
3563
7384
8891
45
5112
2192
2853
6148
2649
8678
691
3128
10
1391
6799
2641
7235
5150
6861
6389
6858
3621
380
3609
590
4829
1842
7723
226
5714
6211
3044
7170
7146
6573
5795
1534
3284
2274
92
3592
7813
619
1200
6386
7901
790
230
937
200
7492
5167
2168
6161
210
2351
2683
4369
2753
5543
6457
5269
7108
6824
6676
477
830
5394
345
7697
4541
6770
2206
5958
2527
6458
3301
4222
6239
8370
6148
3158
868
6716
5293
3649
407
8381
7577
1873
6198
3088
4788
765
4730
5932
7645
398
3257
4846
8437
3372
2601
5073
7425
8782
2130
5409
8397
2503
7071
840
5295
179
7657
6232
3990
4264
4023
2295
6565
4658
2717
7032
4895
7335
6672
4589
3232
4873
4652
6954
62
8113
8738
6878
1259
5937
7074
3235
3176
8914
7848
3100
3975
1244
1342
2838
4741
7956
22
1535
322
7055
5330
1515
8182
8117
1058
150
4554
7537
4569
5980
6305
4501
3733
3531
4209
4682
1097
4994
8529
2141
769
363
1384
7020
7081
5547
8279
6112
6321
7963
2197
8949
7233
143
1054
8821
7309
987
5055
8451
4646
2134
8800
2074
6413
1734
7302
382
1540
1171
2492
8834
4227
1088
3565
368
6300
1619
1377
4472
8500
1670
5298
2688
2926
7302
2442
3697
6013
5241
5434
3682
5925
429
7769
6542
2623
2675
4271
5120
3192
3634
4237
5495
3532
2855
1116
4812
6500
2186
382
4160
4882
8021
7612
8859
6580
6333
2005
5911
7349
787
2240
7195
3300
6068
5983
5627
2526
3852
5784
4725
3287
6522
5056
7318
248
1421
6110
7243
2021
7924
5154
2252
2879
3938
1984
1018
7841
7888
8181
4137
2337
8669
2061
7105
6181
8969
4526
1166
7086
8751
260
3024
8150
2312
7346
6765
7626
2740
2674
3185
1028
4340
5265
7648
7351
2251
8770
5282
7991
3915
2789
3149
4973
43
6268
6129
709
7158
8730
7028
3884
3071
2648
8806
5577
6456
582
7502
4318
1939
3882
3699
91
463
8839
2352
7343
4916
7701
2055
3076
3537
1249
2278
1022
5346
7602
6974
4896
7672
8831
1687
4996
5529
3192
3602
7268
7494
2407
7607
2529
3891
4307
4437
6471
1329
2953
7000
4611
2479
7726
2084
6090
5784
822
6511
4640
621
3362
405
1770
4387
7874
685
1968
3143
4143
937
8298
6742
2843
2955
7206
7586
5544
506
2699
2150
4433
7092
806
3906
4409
8301
6606
8170
8526
878
5766
6720
8794
3601
8342
5867
3150
1161
6270
1335
3074
2750
8697
2507
5365
4461
7098
1378
6734
6911
4917
2057
5165
6768
1580
8328
1713
6935
6524
3468
4199
5110
3644
3256
779
8007
7226
3627
3239
8662
2610
6693
1653
2822
243
883
5514
3515
832
1450
4009
7263
2104
6176
1440
2048
7402
5581
1827
6406
5424
2809
692
6890
3111
7240
6268
3954
833
3120
4417
6994
3599
123
3371
3836
5302
4952
3908
6312
1932
2675
6284
5478
175
3845
8870
3264
8051
726
8539
7013
1174
5678
7985
2384
7010
5660
823
5831
2870
6782
6888
1856
7233
5215
4977
2037
3596
5686
2849
4216
8971
235
7036
986
3104
4540
5700
5548
1955
5406
7652
425
5250
6296
7610
6403
1025
4560
4849
5786
1015
5265
5216
4875
661
2980
2267
8285
4186
7907
6083
2951
712
933
4717
8156
1477
2819
5156
6921
5431
8729
3843
3181
2904
7777
6227
5743
6641
1945
3181
6862
878
2268
6934
5673
5470
8510
3876
6535
2741
225
1640
5296
6519
5181
6154
827
1323
6252
4835
6729
8946
5508
4908
5646
7451
1205
6865
2328
7925
7834
5169
23
1968
2556
6812
7669
7264
5666
1193
2183
7783
3461
3939
209
37
5712
2888
7465
559
7221
550
8801
5345
4554
7914
511
8057
7554
4774
1114
4682
2959
1710
3667
4129
7630
1496
5331
6168
3971
1342
8891
925
579
5377
5485
8966
4065
2491
2242
6219
6032
1616
6021
7447
631
5282
5621
6876
5090
3672
6281
5075
1797
2435
3611
3677
7931
3205
8758
2449
7005
1974
4044
2091
6503
7316
5696
7348
1972
3694
7107
6724
7561
4717
842
4201
575
5472
3828
1570
7522
1522
4521
6436
1295
6890
6397
2016
2306
2743
708
6184
3485
6910
1632
8892
3564
3425
4006
7534
8941
4814
6183
5590
3038
8929
1922
7322
1423
5303
1575
7949
8574
3592
6390
8730
8529
3464
485
1302
1285
5690
8712
1096
597
529
3235
7646
2015
605
499
4533
1441
8910
2859
6452
2105
4657
7483
1022
7890
4420
1866
5754
8465
5054
6460
2961
3279
6080
574
4643
2554
435
2174
1270
3788
1645
776
428
6412
6019
2331
6239
1507
7188
5683
244
6103
559
1303
7634
6620
5258
4906
6621
6361
1913
8943
5475
8662
1623
4589
2827
555
3092
4618
8557
8627
4139
7212
2641
4343
367
1154
2320
6375
3074
8186
6401
7260
6929
28
729
6785
4342
6234
2826
5368
1659
2299
4214
5625
265
5205
4753
8500
8323
1264
8337
4247
1850
7162
2107
268
8557
7253
3098
5242
6596
4980
7150
5876
8338
5116
319
7806
5084
7720
2757
8915
7186
2484
78
1020
4449
8267
4099
6523
5387
5108
439
3157
1324
4831
364
7126
969
118
2820
1103
1679
2838
5721
1530
3917
7157
1257
6422
3376
3805
5922
2678
1497
1774
3662
8891
7724
1986
4515
6002
4928
4626
114
5857
3414
4574
8609
7338
120
7218
6007
1130
8663
5580
7276
4931
8857
1769
1123
773
6869
3911
3797
6236
4140
4229
58
6411
8062
5567
5414
7726
1814
5926
8006
8765
1339
5108
4086
6572
7324
4965
7337
6311
7000
297
3588
7379
2287
166
5311
5240
6400
4146
4393
1763
8791
622
6655
1551
1250
302
8160
7947
3761
6284
992
4671
6345
8957
5759
7680
2947
5579
2830
8275
7157
3146
1157
7390
1036
2062
8796
2458
7564
3113
4316
717
2095
8283
4776
6571
6254
8401
6678
5733
3438
5480
6900
4250
8825
1596
2440
3273
2760
6393
2737
2305
3347
5362
1699
8712
7773
1895
3251
7759
8622
3033
4648
2407
8174
7545
5618
6796
7107
4007
58
2103
6280
5703
4212
8274
1994
893
2309
709
479
5401
1102
4909
5589
3197
8618
8260
4013
7684
2154
4068
3610
4661
3978
8500
7938
1340
6952
4597
6728
5266
1752
6278
7618
2123
3599
908
8774
1077
4778
6414
1876
2072
3130
4988
4472
8545
4382
2559
1760
5848
1781
7755
2188
1818
2439
5626
3702
6321
494
8906
6255
198
7766
8302
634
6521
2070
5915
3418
4464
3747
5568
2252
3531
2352
3721
4136
16
6811
6877
5530
8025
398
2306
5879
5715
5105
6051
422
8322
4505
6768
7364
1744
5911
1667
6156
5989
5671
1955
3113
1713
7963
4889
2537
4348
772
1832
7009
6654
3101
6034
3895
7298
1548
6645
5808
4301
4653
8804
5726
4997
1460
1641
6300
5412
4935
1945
3042
8148
4742
4032
5072
140
664
1411
5817
8233
5811
6741
3766
272
2463
2609
5355
8503
2456
1214
5122
4347
8911
4041
2666
2196
5788
1987
7691
7293
3601
1083
8529
3456
1821
6679
3091
558
1020
2212
8015
5860
8816
333
6636
3009
5151
1599
4195
8172
416
5131
4674
2738
538
7981
5326
117
7548
8842
3085
3032
291
1878
1470
7670
611
6459
4701
6819
6628
7702
8167
1490
6024
6555
2686
5110
6447
5640
2849
5141
1776
8975
5980
8189
8844
7149
8279
8898
2248
1840
4213
5864
6071
3462
5572
8691
1497
6392
739
294
2341
4045
7045
3656
2142
4211
753
1034
4396
8088
4483
2093
4946
6767
2323
1185
2024
3054
1416
4745
6181
1531
216
610
8306
6615
4423
7329
1565
8643
8561
5300
6841
4911
5773
1113
8735
6305
6297
4138
147
5147
6500
5474
7733
5877
6716
8402
4297
3777
7277
1276
3838
3614
8762
1977
8664
7684
643
46
2227
2351
8379
3512
5565
3878
8148
808
877
2042
5713
5522
4678
556
7672
7335
6674
3775
7131
7867
8061
5349
5346
1569
3680
3750
3478
8042
5309
7034
8452
8492
6502
2208
4076
8679
3421
2647
6541
8747
2559
2377
7758
6205
8498
1792
4020
5256
8007
4649
3051
7384
5582
5261
4843
8778
5854
1773
3057
7760
6621
5566
5606
7081
6994
8586
6256
7268
6204
2846
5915
7236
5406
8579
1780
1935
6427
4067
3082
8441
5232
3381
537
4511
474
3652
1836
45
5212
1185
6486
120
8676
2537
1934
1655
4795
5706
4237
2764
592
6935
6020
1033
7161
2282
2175
7454
7589
4489
2056
7238
2168
6241
8665
3329
2651
6463
3314
3981
4223
1806
8419
7493
2142
5282
8998
7780
1103
1003
1637
6898
8404
2821
2099
2149
3121
2556
3834
8499
3603
1373
3376
2948
8451
6216
6126
4892
3070
8842
704
5382
7178
1478
4682
6940
4879
515
3532
3298
3335
6705
140
6939
1795
5757
1485
7332
4692
4164
5281
6220
3523
6773
7408
2645
8517
8286
5557
3108
3951
7520
6113
5395
8410
5223
5911
3937
6418
5833
3771
751
5025
7033
4504
2747
8147
8763
3132
3153
3493
7191
4746
8381
5783
8691
3931
6534
7844
5120
674
884
4426
3503
2019
5802
7338
1620
6399
7110
8037
1272
4559
358
6168
1013
8563
5053
7046
8867
4670
3994
8089
2512
2511
8673
5141
6331
2678
8483
1857
1113
3728
4185
379
4609
1322
526
4286
2234
3934
1938
3818
884
2581
7266
3089
8147
2473
3453
2673
4336
3629
2762
4059
1515
2668
2309
2271
331
2835
7624
402
4317
700
878
6413
5091
4960
4003
3019
7491
8744
8095
3847
2785
1079
5609
6599
1999
4911
7864
6873
4208
8727
2677
448
6836
5799
4532
1763
2557
3192
4546
3450
3729
7418
2200
8902
7456
5322
6853
2508
3325
4432
6586
8446
866
2523
2638
4262
5156
1081
8858
8624
4029
2439
4679
6963
2992
1586
4819
2715
1415
2079
5899
1142
8152
3693
714
7864
7606
3141
7056
7070
8140
8131
1358
8660
5740
3516
6909
4419
2525
2035
2998
851
7788
2034
8140
2792
5561
8473
8181
4732
3898
3534
8840
8721
4254
2794
3593
3689
8935
6660
2304
4564
7594
68
455
8205
8235
3078
2434
4202
6481
1872
1112
6334
8648
5730
8480
820
2678
1017
8455
2282
325
7440
2886
4024
1087
4244
3576
4923
1344
347
7577
6891
85
3688
3010
1237
8770
2045
2456
3829
3857
3293
8918
3716
3687
2372
2271
218
4824
7646
4213
6633
7939
5353
3471
989
1728
8889
364
7907
2565
7046
5823
325
3616
5555
3715
4424
6751
8429
6029
2618
2931
1398
3817
7747
3971
7045
7781
6383
4421
3452
1194
3213
8599
4790
3944
2431
508
4635
8393
3830
1394
1633
102
5265
6071
4624
6837
8298
2372
8490
7212
3141
7770
1950
2111
3022
6105
5624
2470
4894
1888
2518
7066
5361
8222
4657
3190
3583
4775
702
4930
3678
5058
152
2018
7160
7655
2948
6365
7798
5558
937
5537
801
1506
6890
4844
2832
2005
8385
4038
1227
6085
8281
6354
7523
7260
5504
923
8860
7597
8199
3259
2208
6506
2584
6191
2161
7251
3451
4286
802
7553
21
6632
634
8928
2013
2836
2831
6786
5660
1201
6027
1177
1945
6046
7813
1861
8502
6157
7271
1939
3554
7945
3751
758
4148
553
1829
7895
2616
7165
6544
8344
4874
2405
4157
3343
8788
8057
2077
3110
5029
6835
1945
4335
2297
7369
8917
6716
1599
1670
3926
2428
6091
8368
2913
1122
1592
6628
3794
7464
7177
8445
3326
393
1276
2260
2269
1819
8099
1770
439
2651
7617
7440
5338
6755
7918
8543
1541
2182
55
7964
1732
3764
4533
5747
2233
4417
5552
3156
3011
4232
7599
7291
462
246
3775
4705
7559
7345
3830
8017
4081
6550
2386
5325
4713
1273
5507
405
2426
2087
7962
6329
6878
2848
3469
4847
4851
4769
232
6238
6549
3541
3113
6267
5165
8403
1591
4640
4774
3307
208
8698
4655
8339
3318
3164
6202
5534
366
3063
7153
4515
8221
3219
5167
7307
7150
8999
7082
6700
2356
7412
6915
7035
2049
8496
319
8070
2057
854
4766
2951
5158
3058
6821
8085
6104
1874
8194
1813
4456
3312
6500
2925
18
7213
3428
6097
6789
6272
8347
1559
1777
4723
218
1412
8075
7422
888
4914
1655
1085
1236
3449
5651
8284
5639
3369
3612
1211
2004
1042
6400
5085
6552
955
8119
5394
6296
95
486
253
7771
1485
297
775
1501
3350
1877
6234
8980
6194
7487
1890
8187
1299
828
2285
121
1531
3982
8388
3341
1786
3864
7121
2760
6551
4135
6920
5143
6927
765
4979
6500
7060
8394
605
6448
7580
3481
7648
3615
8067
3796
1001
6016
755
5005
7169
2711
807
6379
3359
6048
8287
8885
1561
3810
678
5534
4994
3494
8815
4853
6125
2499
198
6207
7247
3208
7547
4555
3707
1725
8553
1218
7263
2182
5756
4154
1067
2332
1753
2669
5834
4234
2783
2826
2464
8921
4467
6704
8148
5344
6987
234
696
6964
2024
6428
179
3104
4462
5721
5831
7745
5919
3574
3654
2105
3299
2974
1383
662
1300
3986
8951
4437
5462
324
7899
3176
3940
4625
5818
5562
2693
2818
4031
6083
5638
6813
6211
6597
7401
5349
6049
5849
2602
1250
4227
8350
6018
3733
1259
1447
1229
5341
8331
832
6095
6223
3606
4773
5467
7486
3223
7783
4875
3839
6143
8476
6675
7535
7685
8242
632
8675
7069
655
7263
188
2203
8920
6799
7405
160
4740
1920
5826
3147
812
5037
6847
3988
7994
8101
8202
601
5739
3056
1806
6539
5699
8837
2860
5579
3603
6800
7992
1014
7401
7951
1230
1920
7604
3710
5864
1524
5545
2577
6573
5209
5160
4775
2503
1273
7221
758
8104
443
7955
2889
3530
1024
2523
4374
1674
387
4997
5635
6968
5337
65
1657
8190
7583
8485
3145
4331
3931
8491
6323
1298
2083
8405
8126
4972
8650
5608
1210
2902
921
6298
6296
6424
6226
6890
8955
2732
5623
5707
3064
4935
8225
6420
1848
5335
5877
687
1710
3097
8032
324
8996
1254
1268
2473
6704
5801
3626
7392
8764
6624
7783
6957
6603
6012
7508
1746
2671
6182
6621
5978
8760
7304
2427
6446
4967
1182
4892
7399
7712
6863
4312
3561
4470
7764
8295
2655
3568
4363
5606
7569
6145
3944
3841
3679
798
6409
6554
433
72
3100
663
717
3177
6008
34
5739
1115
3061
226
1720
8580
2881
3598
2181
4910
7519
658
6972
2834
8310
210
8607
2669
7219
8411
3381
4611
8372
3449
6673
1448
2883
4643
6736
6782
1955
3331
4919
2976
2937
7977
4847
4356
2706
1815
5662
5551
1757
6648
4331
1707
6421
6289
126
6436
2182
5401
369
7424
1369
3261
3575
2204
2133
8004
4056
8523
8084
2657
1102
2985
7815
3735
1839
358
1943
1263
7815
4647
5249
7972
4497
8774
8629
8744
7961
1281
4172
3167
8234
3056
3107
5289
6591
7904
8336
2262
1984
749
1808
761
243
100
930
3647
3740
3966
2524
2121
4555
3944
8768
4988
377
3303
3378
1738
6142
1521
3033
3793
5401
2735
6199
8354
6781
2567
1855
1332
6021
1998
2570
3799
2788
6155
7886
7532
5619
3870
1700
1257
184
3439
8772
6299
6655
7099
5439
7308
3064
5568
1065
1956
1364
1658
873
6155
3981
2055
7774
804
482
3604
5087
3358
8132
67
4631
6788
2551
2164
7036
3612
592
8960
6923
7845
5856
2596
7841
5833
114
4042
6360
7562
5463
1836
116
5025
4387
3530
5473
4777
299
1571
7003
5074
854
1383
6618
978
2653
5587
1168
6997
6632
2798
6943
133
399
6928
2548
5494
7497
7995
5362
7456
6205
7073
2685
7935
2691
8365
1524
1167
1541
5206
3930
1680
8711
5917
8265
5105
3280
799
8803
1065
4468
6566
1942
4665
5976
1227
4771
8774
2914
334
5164
2770
1922
3822
1432
770
7520
6235
5436
8298
6403
6625
6903
1644
8987
6839
7794
4151
2925
7925
6546
2692
1625
6525
7267
5612
32
1599
6275
8878
6735
4768
3673
7581
5427
4686
1496
2797
5896
5658
5123
1126
5682
6416
223
2241
5071
5450
7823
2063
1167
1120
4848
8121
6537
6076
707
5986
3211
6530
6960
4433
7389
3837
3052
915
2059
2101
2818
1885
5933
844
8823
1399
3957
7583
4301
2867
3277
8410
7638
13
4674
4820
307
45
4040
4258
6152
3951
7908
8119
1381
3348
3776
7817
1852
7361
8806
6903
6273
6845
3213
4574
2563
5097
8609
539
6358
4079
4250
4051
2458
5037
2723
4086
7972
8035
3548
3985
2031
3087
87
7339
5423
3658
4820
768
754
3972
1561
2369
5315
3058
8450
8924
8467
1808
8600
1079
366
4521
8425
336
6136
1307
653
5200
1602
8448
4792
831
4965
8446
5552
5777
330
7992
4181
7805
1851
1286
4352
5366
5993
6168
6777
4066
3579
1328
3393
3704
3896
6860
7496
5366
3562
1546
84
369
3791
2087
5032
5782
7301
6800
5540
1397
1057
210
4750
6701
356
1484
4341
6458
3898
7930
7974
4867
8336
1309
8917
5920
5809
7869
5810
3881
6446
2840
6349
1146
2528
2805
3239
1419
4651
6793
655
7899
4929
3307
4533
3580
5831
2011
8694
1769
4304
3204
7125
4268
1668
779
5683
5061
8901
3327
2898
6549
686
3528
8108
3489
3337
1101
1802
5665
3827
8229
5532
6631
557
4719
5325
6421
2402
733
4503
672
1888
3323
2354
3809
3125
246
7404
2562
6040
8295
7518
1550
7696
6030
8531
7776
3653
7548
4686
6477
8017
6913
6551
5750
3179
5259
3409
126
7296
520
3395
5602
6286
4083
801
8526
3310
2138
2950
2996
965
5928
8056
6463
4503
1334
8544
2750
4865
5029
8333
6236
362
2735
4868
8099
5196
5323
5182
7329
3253
1055
5630
8979
229
6279
8621
5815
2059
7883
1868
3606
4928
2719
6230
1285
688
8245
2999
7588
2160
3045
4916
4831
8528
444
4496
2171
3439
1970
8905
427
3677
661
157
4088
8642
6755
8172
3439
8752
3693
7227
8260
5479
1688
1834
5156
7437
4293
7779
2736
927
6647
5327
1925
8873
5180
4703
489
7270
2685
7676
8408
653
8128
5931
1412
5016
701
6032
7027
10
4381
4686
4906
1604
998
25
8807
6747
3523
3488
6221
3554
6976
8866
8321
1064
8044
2572
6833
5342
3951
2484
2891
4943
482
7309
1747
2340
5806
5751
5359
3115
653
8586
781
6779
2117
375
1484
4911
2123
1659
1127
6357
1316
4321
6622
8585
6150
4123
1775
3754
805
8941
1218
6969
2473
5350
8138
4066
3973
3779
1030
2881
2034
914
8432
1394
4754
5792
7637
3556
8449
1599
8563
6627
6678
1392
3065
4592
1055
4833
8463
8544
1962
2627
3799
8062
2944
4490
3571
8869
3875
1185
2318
4943
193
8290
6903
3947
4449
3160
8463
6806
8673
4113
1724
3920
5498
2970
574
8226
2556
2529
7310
2817
2867
7937
6631
7642
8267
2886
332
2506
3079
5206
1121
8792
3020
7775
3550
5330
6069
8322
2902
3697
8344
6396
6750
1930
7693
8301
8992
401
5039
4039
3983
2164
7723
3261
549
5081
3077
8661
6409
3461
7474
3164
3700
3835
4473
8804
3258
8125
4482
4956
5365
3121
8512
8268
1789
4075
5643
3588
8837
3
5733
4400
303
3059
6279
6698
1703
5136
7308
1588
6372
7282
43
343
2491
4345
4514
5246
6822
7326
7077
728
1354
3787
8014
6990
7094
3328
6887
410
7279
4539
803
4279
7792
6899
4354
3531
7879
2065
4523
6966
7555
4820
7700
4821
177
1583
3988
8824
366
6737
5994
5404
191
1369
3839
7133
6140
7036
8990
8660
6355
7565
4283
3145
7024
4791
3289
5541
7234
8618
958
7991
641
807
5225
5305
5028
2978
4612
7718
8351
2203
2780
770
6481
4257
4421
2614
4851
4644
5523
2750
1997
4981
6219
2577
434
4100
3504
7645
7636
7054
3513
4212
371
1521
8871
8175
134
6461
6117
701
5260
2096
7648
328
3460
2302
254
7132
3368
8524
7810
8692
4880
7151
7637
7044
3523
8862
5146
2797
4056
6441
4040
3232
3843
652
2290
6642
3028
4708
3218
4112
5753
2996
3281
744
2755
2420
900
7547
30
5927
3553
8691
3673
6544
7431
7284
2470
7009
555
6986
1524
7175
3287
2856
1399
7861
1309
8056
1257
2347
1457
2004
8738
1034
7636
311
2283
8183
1789
7480
3217
6306
4801
7364
3580
7842
8372
7216
2599
408
6704
7488
7882
5588
3546
7071
4635
5127
268
7619
1115
5366
5844
4660
6092
5559
6012
8689
6328
2204
7355
198
8685
2385
521
3374
933
3523
2031
626
8850
7303
5805
6971
55
6373
6549
1769
5753
3487
6908
664
5788
8137
5625
524
7818
39
6470
6130
1390
2749
3556
2082
111
5951
3795
8844
4488
8718
894
8854
748
8036
7949
4639
3063
5740
716
3475
2759
2681
5409
6988
777
5049
7027
4841
6912
3229
1037
1453
5345
4560
6306
6911
3554
4825
2027
4370
8120
783
2260
504
1376
4513
4972
4392
1709
6751
8707
2696
3112
4072
3742
1385
4806
6640
2293
2254
8331
5062
3686
5096
8836
8192
7955
4434
8410
6715
6030
7475
3874
747
396
253
4258
8682
831
6081
1558
1137
3622
5173
5856
6425
1768
4492
8870
8348
8949
400
7702
7021
973
318
8516
1321
1257
221
4764
5304
5807
5173
5706
4924
7244
1872
8542
7093
962
6856
7822
774
8857
29
1932
3064
3402
6753
6727
2920
7750
5514
1325
7127
8573
4722
1333
7407
6738
2399
1578
6765
8283
506
8228
3360
2255
1518
6329
6396
1912
6231
521
2818
960
7301
1127
1592
5120
6115
867
7920
8572
2104
7860
6816
8706
3938
2907
7430
7625
1193
1403
2854
1318
3143
8556
2489
4081
6770
3118
8363
7198
6436
3867
3434
7792
8960
5213
6886
6832
8560
8879
313
1763
5511
4304
5316
5641
6832
7897
4691
1450
5881
7800
8134
8667
6360
5509
2813
1510
233
7346
1776
3727
3777
3143
6072
4923
8538
8259
2293
3844
3115
2943
3781
1951
6826
2820
5326
4438
5201
5685
6624
3168
4147
8351
3546
3990
8129
2100
1959
6250
6462
3279
4005
7856
4395
3458
2626
5214
727
6644
6867
6496
2943
8526
6890
1668
2350
3748
899
828
7865
3705
3571
5073
5834
4674
230
6340
4838
189
3051
7849
3877
6819
8286
5309
5630
1120
8443
3814
7637
7676
8506
2241
6386
4401
7515
2077
3294
5301
1510
3927
6236
4434
1135
6800
114
6376
1749
8753
5819
3724
5598
167
6707
897
4521
432
4422
4221
6143
7277
133
1839
8614
978
5550
3564
1412
7000
5599
7473
4444
196
8998
1155
1328
4777
2344
10
4500
8376
2508
4092
6426
2096
5675
2486
8464
616
5735
5564
8946
5984
7621
3530
3540
6952
1672
8531
8633
320
883
8606
2313
7415
2443
5730
1306
8896
4799
3734
8774
3646
2357
3170
101
7424
3018
204
1911
2039
6661
4267
2632
4212
8072
4608
6064
8790
6620
1426
3854
6874
6289
4088
832
5315
5327
7257
4946
7497
1228
5399
6585
5646
7841
2610
498
1483
5243
4481
7811
4289
6492
2996
8070
6739
6491
5421
3670
5161
3518
8556
3663
5960
7843
8945
255
5989
8086
1925
4362
872
505
4849
4494
4869
6758
2752
973
7517
106
1665
4368
907
8879
2532
8598
1691
3225
2069
5033
4629
2570
5486
593
5615
549
8471
7183
432
3923
4569
2864
1617
5589
7425
5748
4566
7670
1664
7578
3962
6204
5854
4778
7257
204
7430
1702
7390
359
5085
3718
8717
2540
3020
8039
3931
779
3662
7399
8329
6444
2251
2551
2376
626
5738
8869
3686
351
3285
813
614
5668
3054
4012
7158
2085
432
3945
1098
4360
2688
7848
4118
1896
8610
108
3136
778
56
6641
6620
323
3357
1051
2561
5532
2120
8446
6160
555
5036
595
4245
5071
2564
5475
1958
5863
1548
2307
4929
4864
3122
4453
4275
7202
4564
8951
3890
4541
2971
5417
2603
4525
1724
2144
5632
6391
8752
4443
1481
719
361
4702
8107
600
3453
5763
6423
7703
6431
2265
3897
548
8328
1966
4296
3285
6029
6881
3637
6865
74
5237
2237
6630
6116
4283
2297
3600
5348
2047
6573
8711
976
276
2701
2627
2635
535
1482
8775
8365
7437
7372
2191
3157
7410
6946
5375
3426
2119
598
7177
129
7623
8092
8099
4833
8294
6864
1483
1586
7342
3246
7319
4164
720
6205
2661
612
5660
4789
2772
5409
8629
2488
1294
1405
8131
5373
4698
5303
8790
1799
426
8773
6443
2492
7366
438
335
5921
6074
8382
1870
1011
2851
8891
4782
7104
7633
6460
1005
3908
8978
4353
3971
1200
2716
7853
6814
7804
7180
1104
4472
7637
3807
5937
2671
4794
4931
1857
617
2520
8308
3258
1953
4462
2951
5031
7506
603
1220
6069
6503
4658
1597
3463
8869
2048
3277
2711
6518
444
7951
8488
2371
8421
1252
2193
1861
1082
5040
3476
2144
3930
2362
5220
6380
1731
5694
1884
1657
5528
8497
6941
4622
8268
2176
6456
158
4819
4734
8841
816
3168
3368
6676
386
5089
8998
3025
7065
935
7592
5787
4872
5353
8490
7119
2386
2056
494
4920
5605
308
5037
8631
8350
4158
5825
1503
6250
5559
1306
3503
5016
5181
1323
1456
1393
8030
672
5446
7705
6333
2999
3980
1821
8810
3936
4824
5048
6510
929
6925
5452
2508
1339
4215
6290
8530
99
2682
4438
5295
3693
2859
1946
879
748
1640
5188
8721
1111
3651
4631
153
2272
3769
2371
7282
1270
7769
8330
3515
4149
5209
3553
5490
831
74
2974
4767
1921
2475
1756
3887
8532
1091
2953
8913
5967
4352
8640
5700
4230
5316
4151
855
7057
6775
4343
7715
4659
1776
3427
8155
5492
7797
6688
3052
7190
2619
6176
5863
4009
7887
7194
171
5395
4962
7577
4055
8631
7707
7687
4429
849
1342
2191
8130
4300
2490
4836
5002
4464
7601
6697
265
2163
2688
8933
7772
5299
2694
898
8614
8661
7722
6403
2111
4933
3461
6440
1134
6634
6382
4367
5830
8461
4476
1465
7319
4110
2846
4334
3820
5971
8638
837
2690
7110
8205
4708
5392
2642
1048
4313
7905
7074
4951
8811
2486
8750
6430
6152
7305
1195
7165
1387
7365
8189
4330
1329
841
8547
6614
1921
6267
2744
2421
5294
1657
7489
7535
7106
7202
6744
3940
7320
684
4188
900
8294
7998
4643
7683
5333
7285
7613
3044
3855
1789
5454
4501
3164
5229
5063
8520
7577
5005
4209
673
2206
7859
7464
3547
5873
5112
4816
6878
2868
8210
4407
7979
7248
3722
5751
4400
1117
2198
2398
3798
3783
6441
3643
3615
78
5822
6822
126
1658
964
3125
5991
2705
2523
1279
5429
3735
7781
679
4082
2025
6471
3687
7353
8758
5406
3374
1359
6050
8863
1040
1848
336
223
8856
1318
4923
5177
2260
5380
6737
5910
4669
4841
6341
374
2090
7497
8775
76
7832
1965
2330
4576
3368
8761
7570
4231
4461
7406
728
4701
8112
7830
2332
4394
3770
8517
7558
545
4989
2048
753
4981
6015
2301
7676
1287
8477
4642
2989
6899
3984
3265
7436
2721
6558
6553
5282
6815
1815
7208
2701
7779
3250
1316
6129
7525
7092
3697
6964
8491
1829
8036
7637
5735
6287
6943
1890
5891
3419
7893
5070
6733
7954
1037
1139
4429
5020
6635
8457
523
7809
4137
5467
7181
8570
2614
4994
406
5267
5733
8600
1099
2239
3318
3843
4815
7232
8753
1573
7750
8490
4502
1892
6750
1570
5226
4994
3665
7912
4708
2771
7127
1222
1390
6734
8409
7212
1471
4043
2264
2066
109
5024
2612
2289
2448
4455
4064
8286
1433
6439
2899
1620
7609
4405
5218
3589
2870
6158
2920
5964
7880
2740
1415
2698
746
8956
4264
7372
1044
5784
5295
245
7597
8045
6610
797
5566
7035
1440
7166
906
2244
6670
2846
137
1347
5884
6070
3292
7443
3527
6630
2267
3361
5511
5106
1513
4303
7313
2462
825
8629
1583
2089
6858
2742
3322
5185
1518
3876
1194
3331
5504
7401
4756
348
2156
3484
2778
1905
3152
7428
1537
3616
6864
7852
8436
6034
6536
3907
6765
4757
8538
903
4012
2905
4263
1709
2176
4255
7226
1279
8914
2737
7424
2658
3673
7394
2820
4723
6391
2379
3687
5382
291
4679
8812
1795
4728
2132
8778
2318
163
63
2642
3816
7697
3410
1064
8983
2487
3756
3007
823
835
6405
4613
1131
8056
2468
6782
6228
1111
1360
8132
8757
3680
3863
7691
185
7608
1950
1395
1569
5613
3382
2159
2998
7356
6583
2954
6391
7571
2396
489
4080
7715
7682
411
8287
4709
1894
1293
6644
5446
1523
4115
5676
3325
5644
2633
2770
8609
3796
5975
5939
6935
2255
3987
988
1768
1133
6912
458
218
7339
3300
6318
3565
4029
3087
1043
6894
276
7607
1845
1552
3080
5120
1408
2037
8874
7985
5362
5981
2665
899
1142
4310
2175
4770
4878
4953
5655
4502
7020
3413
6581
4531
5701
1061
4273
1475
1163
8492
7986
6478
1101
6201
7963
664
4477
1029
8221
145
6781
8689
5089
3938
7975
3125
4648
1978
4680
2091
5697
7456
577
7138
6734
323
7850
6351
4315
1942
6306
3701
1451
4079
4575
8941
6625
3150
4758
8041
8873
6771
2424
122
7937
8384
3402
8793
4231
2749
3839
1083
8704
8187
948
6877
1225
3704
6695
4239
1190
7537
3197
8725
3845
6438
6775
864
1998
4494
2864
7636
5273
6988
4702
4978
3652
2473
8730
2654
3448
1905
5005
275
5087
162
777
2969
1260
7310
2010
2881
4174
794
2031
6047
3402
2454
8993
5046
3901
4005
8215
4826
1179
6263
8274
3639
7687
4874
6588
8551
1143
1608
4016
1536
6954
449
4398
499
1953
6176
4342
6689
2712
4771
6
5064
2144
3149
1561
6467
2890
7454
1046
8624
6449
5922
1746
7411
1724
3990
8579
200
6664
6006
6355
4606
5134
2420
6021
8671
4358
3836
1975
3211
2327
4259
5787
7292
689
2669
1172
1140
2977
8461
6050
4754
4753
3335
3041
6148
2338
3865
8908
5118
6830
5121
482
8681
6502
7384
3051
3663
5477
652
7945
5811
3064
4003
1053
3229
2826
6643
3476
7715
1495
8830
766
5403
1765
7451
1468
4741
7307
3552
8755
3805
1623
6763
3409
573
199
2264
8539
4794
5523
3053
3432
4973
1445
2153
22
3506
5951
2938
807
6653
8240
7438
4439
1840
2466
1890
7645
4505
7555
6838
3900
8024
3229
537
7013
5679
3092
4561
5074
7226
108
2298
1449
8221
1133
2248
3707
29
132
1360
4656
7574
6463
16
2681
6252
2748
1191
66
6222
1694
5679
7634
6860
590
2151
1368
5889
5002
1469
6852
5211
3972
6961
4775
6143
3690
8196
6103
1658
4397
3567
3555
227
5032
8360
4416
1212
2767
631
7038
4119
8409
3512
4106
1348
2708
1233
4176
7128
6412
5522
6012
6882
1407
3124
4261
7440
8048
3802
1503
3054
8422
5412
4084
5062
1736
267
3999
3771
8143
671
4796
6271
1520
5931
7343
589
6164
2162
967
7185
4126
7035
7047
347
8161
2704
4257
3778
3323
3149
2455
4765
3314
7315
6744
7948
8626
3540
5195
7014
8424
8080
1298
8892
8053
8886
3614
4250
6986
2279
459
4110
7989
4429
7401
2913
8686
433
8990
2618
7904
2961
5379
6178
1447
5704
1417
1898
5986
8543
6975
8704
5877
521
8700
2329
2999
7181
3691
4272
7130
3828
1760
4972
2380
8114
7917
208
5921
3074
8017
6252
8723
6338
182
3137
6679
2030
1477
818
4397
8712
8304
8982
1420
3869
5644
4010
951
1026
6505
1002
1264
5093
8944
6360
8128
5792
3888
7077
8368
3841
444
2701
3983
1413
52
3424
7520
6074
3239
7818
6830
5908
7026
8859
5999
6455
5296
5042
555
1723
189
1493
6864
918
2488
108
5012
6667
1709
1964
8453
4688
3405
231
7464
6621
379
5064
4844
1248
5763
5812
8970
2838
5568
524
7524
5116
1994
2519
1431
7867
8971
8397
2614
7418
957
1078
1812
1533
6618
536
374
3388
303
4384
3298
7358
197
991
3256
2652
7357
6462
6492
5322
8104
813
2413
8336
7784
6364
6246
7671
103
5837
118
782
4898
3280
7709
1268
5849
8094
6693
2552
2477
6322
8970
4789
2527
5289
7376
7241
8961
1226
8809
516
3875
1825
3359
6014
4621
5885
1036
3177
6588
7897
6451
6798
8755
7280
4578
8651
174
8513
2007
8842
2478
6338
2476
7909
5236
7841
3456
7117
6940
3046
1548
33
4984
7596
8990
2220
213
1390
7501
3943
6702
1366
4603
4934
8284
5593
640
8239
158
1382
8424
3828
5803
5277
4315
8594
2033
5108
3108
7146
2272
3917
1241
7668
7337
6451
2686
3972
6429
6635
6606
8189
5555
872
2640
3793
4521
6542
5594
7106
2493
3152
7108
2987
313
1461
1403
5792
4690
8005
3544
5117
1283
7186
1061
3842
3411
2930
1187
6307
1151
6744
1379
3189
3141
5146
7599
2068
1126
6581
4516
2570
5703
8060
6823
2163
6237
4768
5689
7388
7098
5729
3560
6945
8416
115
2931
3421
1825
228
8465
2724
129
2905
8215
7141
3496
4272
7732
1219
7816
6361
947
5555
6983
7301
2117
2639
7177
2217
4464
6577
206
3052
1159
3876
4715
99
7391
7963
3968
4085
2980
3565
7437
8298
4182
4784
882
4544
8659
1058
4873
5973
1570
8935
5594
4512
8041
981
7795
4763
1436
6323
3434
7193
7219
5904
3593
1437
3022
2207
660
1019
2256
6712
8697
2151
5605
4978
173
6339
3768
5245
2695
5831
7606
6756
8555
7433
1457
7167
8486
596
8258
5087
321
5052
6366
7026
2300
3191
8380
118
6344
8295
8896
6394
3328
3917
5239
8448
8989
4927
5391
6503
2581
1530
3386
7141
544
7947
6632
1050
1902
2886
7701
4167
3952
4906
8030
893
6986
5340
8139
1235
5321
6128
6402
6199
7023
6574
3656
1125
512
5160
172
2397
4391
5538
7234
6599
274
770
2721
3386
7712
863
1234
7026
4371
8630
3941
279
3213
6088
3161
5570
4323
1439
6888
8779
1664
1463
1941
1661
496
1385
1747
8307
7042
8331
3051
7260
608
6923
953
3130
5846
4802
6524
2625
7661
8685
4144
6890
1659
8247
298
1815
2961
8259
1959
233
5297
4652
4409
1653
3089
2495
6432
7245
5552
1296
1976
8218
3620
5626
876
3551
638
6523
8064
2698
5723
867
8587
3011
2271
8749
177
2447
632
4573
1483
3830
4300
3314
1697
3456
8216
4709
6518
6998
543
7383
2222
8557
2915
7554
4071
6125
8851
7862
2776
5327
120
4875
6402
7830
2365
3070
4138
1845
1236
8036
408
3998
4023
3691
2000
5234
3689
1568
8227
5524
4802
923
5392
3551
8496
6351
6980
4728
3897
4886
6155
4511
3218
5354
3401
1535
8426
6669
6978
8845
1408
554
3834
7413
397
1188
851
2599
1128
6236
4561
1721
357
7792
4043
6846
8824
559
392
4964
3652
7257
378
3331
4979
3451
5796
1985
784
2920
5660
715
4105
843
2349
4542
3290
8642
101
5780
7608
4604
1525
7642
6452
6858
5066
5981
2431
5499
1502
5604
6992
626
6556
3225
1223
3683
375
7562
1525
6531
189
5028
866
2276
6693
6863
971
4599
7810
2972
6118
652
5059
194
4843
7541
1033
4248
8537
8530
5276
4109
7745
5605
1002
7988
1843
1725
2069
7884
5804
6864
7280
5027
2729
6816
4094
954
658
657
4735
627
3038
6905
6295
1335
7238
6997
6477
660
3761
5301
8629
6091
4012
5110
8586
5984
3603
3326
5868
5763
8985
6108
5305
5708
3296
1532
7284
4731
1709
3394
3439
7277
243
1663
573
883
4410
1135
4537
7020
1427
6923
8964
8026
5492
2161
8871
7858
5883
1273
822
6973
4120
2987
6389
156
4739
4212
8242
1912
3607
8552
2006
4295
1954
2865
17
4643
1858
7605
6729
8388
4541
5
8295
8262
3884
8538
3974
6333
5838
3595
8049
596
4317
913
5775
3422
6143
8131
1861
5092
1108
8381
2305
5780
6542
4971
2591
5610
681
204
6138
8833
7129
442
4952
8218
5891
4525
2994
8461
2097
3407
4527
7253
6861
2442
2236
4662
3424
3870
6986
3394
1488
1071
7572
7440
8212
8106
219
4798
7821
8264
3487
461
3724
4476
6773
3771
6506
8990
4552
7423
631
4754
2189
1444
4978
7522
567
6928
298
3520
2243
8047
2999
104
5657
1304
5880
8178
6936
8073
3690
5677
5525
2374
2745
3855
6448
7053
3750
3553
6027
7717
573
7039
3807
2877
8602
4934
5716
569
120
2701
6973
4750
6557
2286
6247
8607
1262
8838
5924
616
6930
8856
991
5968
8837
3112
8534
2324
1876
4146
4031
7909
4447
8395
7225
8564
8480
2984
3240
468
8239
2675
7060
8213
8215
5996
4439
6441
1529
4475
1793
8575
3922
1915
6842
213
8052
4554
5923
2147
8342
2014
8329
7115
937
4162
4983
6548
1168
8933
4967
8949
1458
443
4676
6534
4752
1333
2007
7595
3229
3060
5012
3858
5599
8851
4169
8107
1929
162
8491
3215
754
4455
6764
281
8590
6431
5285
7754
3950
7434
3171
2281
1198
5068
1353
7758
3348
2567
8498
2375
3536
3070
8810
956
6580
5645
1024
7221
4185
6900
2690
8604
3507
1138
4525
381
7891
8406
8118
7002
1471
2049
2146
3786
2047
263
135
105
7839
3229
477
8627
3348
6036
5677
610
1749
3
5068
6480
3184
3579
4611
2086
1509
2083
6991
2282
4675
2644
1664
775
3533
2327
2208
1095
7193
8915
5649
8003
8533
6330
6723
4915
6486
3819
7482
7968
2558
6626
4512
3855
6129
603
1628
4225
5964
8103
2806
5829
4675
3941
2797
879
5486
4065
744
2921
5543
2226
3557
3575
5778
1596
7049
1009
1217
5734
5125
7714
8067
2167
1849
766
5633
154
2871
7472
2765
1560
7535
712
3479
1156
1939
548
4717
8825
774
5118
7542
1320
1438
4987
2683
6686
4722
5843
6690
1770
8026
8916
7473
4412
3986
1161
5764
7193
8994
5216
6354
8291
7485
497
898
4742
5996
6323
7622
6485
5831
8905
449
7594
5127
6945
1938
2492
1434
1468
3757
2179
1452
265
8314
5167
5335
5893
3301
3438
1287
1493
7313
2493
7525
7732
3233
6798
4709
5447
8501
5495
8590
3942
2541
4811
365
653
7797
3906
1894
2425
7477
7860
6457
8910
2468
3538
7789
2884
937
1277
8916
6635
4781
8768
7122
8619
1760
7184
5978
1142
4462
1285
8711
4657
2366
4360
132
629
391
5068
5130
2524
7591
8953
1524
8271
2818
1443
2943
2893
3739
7169
3859
6173
8290
4794
2560
428
2650
6162
3591
6162
5014
337
8007
2175
103
7141
945
1075
5724
7142
5824
4931
5151
1039
3472
3040
4472
2109
7082
5945
4689
7831
1025
7272
3212
5253
5788
5050
8764
85
4400
472
367
4097
5185
203
2261
669
6950
1605
7249
6868
4086
7418
2880
6786
3722
2332
6602
443
8649
7542
7996
5658
6722
712
5264
2519
6849
5706
5746
7688
7489
3388
6503
8848
202
4113
3604
4108
2168
8572
1296
7290
4584
2619
6456
4557
2407
6448
2773
7107
6608
8071
739
8639
5538
8865
1848
2826
4836
4798
6415
8357
4678
7114
6985
2489
7725
798
2360
2927
5346
2519
4727
4612
1889
8652
1232
4876
6897
1417
7003
392
2036
3744
5680
7042
4156
1575
7882
2324
3072
4916
3632
8944
6594
5693
7017
6922
8743
1845
1588
3482
6794
2465
4209
2526
4949
2488
7118
2092
6941
5272
6506
6565
2264
4046
8296
5701
302
2861
6865
4079
281
8280
1049
334
8563
3426
2788
3510
3915
3898
5716
1056
2643
7365
2770
1076
8064
4395
1950
8249
7399
7772
4677
6912
2609
2643
8399
4439
7027
3584
4841
3017
1580
2332
2629
1242
2707
5389
1628
3153
845
5450
4310
5350
1088
5312
5334
6642
8936
1082
8788
2918
7939
6303
6648
7644
1282
6574
3664
3906
6350
7748
846
7589
6397
6134
3817
6609
7688
138
2999
6846
7802
5407
8692
71
4839
7062
2529
5349
3382
7200
8827
720
6445
8822
6687
8509
8847
888
352
8786
613
7597
5652
3950
6678
7601
769
4687
8596
8685
639
1795
8469
4631
6450
2864
5226
3842
1479
8407
7024
6313
7640
7266
4976
1693
3382
5623
5085
4407
3578
1908
586
8702
5592
6650
7565
2841
1232
4071
2372
8657
602
8955
4571
7766
4814
4804
1246
8250
3517
5829
2281
3226
5919
2257
7682
6848
8746
4181
3695
5862
891
7820
114
3957
6437
8396
6462
987
7435
1317
492
2563
5931
3594
6159
1038
6186
4416
4320
3016
4526
3723
4982
254
3899
5312
8541
7499
4621
5565
5650
2273
7991
3925
2401
7092
4894
4168
4108
5122
5382
2966
584
1463
4502
4284
5605
4485
5850
8071
1794
7809
3613
3310
1754
2785
2401
3236
727
2873
3661
4322
3201
6124
1345
1028
4771
160
6273
7058
6867
7410
6100
6686
6388
8225
7696
6333
6202
70
5483
1558
6241
4129
2656
520
8617
3319
6325
3961
5962
7207
1493
5080
5425
5476
823
3196
3836
892
5761
269
2256
2672
3298
1880
3924
5652
5411
5281
2689
4654
7017
4513
6833
4715
4635
4614
7248
93
1986
5921
3204
3057
2217
99
1125
2468
5346
5217
6784
5374
4763
3679
6686
3455
2027
2473
1892
5085
1549
6724
7406
7728
8536
4947
5469
8052
8672
85
2963
7942
4149
5707
8615
5106
741
2751
8921
5817
8681
2249
3779
8776
5665
1371
153
8443
6645
5452
5519
2984
2369
1794
6654
7944
1171
7880
2619
2089
4924
1687
6964
8990
3841
5841
8808
3112
5094
5640
8050
6941
2182
533
3664
927
8849
8621
1438
936
4594
7534
107
6985
8555
6783
269
3890
1399
5901
2798
8163
2692
7778
5314
1985
4388
6303
3027
2637
7630
5243
8755
5902
2086
1132
597
6591
2941
3561
1657
6555
5318
7938
3018
8068
6215
7551
8998
8994
5432
6110
1001
2633
1747
8112
3046
6812
3239
8906
1820
6870
4163
6242
224
8263
5004
5903
6629
4763
3907
5699
2860
5790
5110
8397
7313
3124
3401
5654
5741
45
7081
1766
7298
8405
2701
7487
7886
6186
5361
1686
6022
3583
3280
6090
5822
5597
1309
1261
7811
1736
7974
4303
5510
1584
2846
2458
1773
1230
990
2089
3055
8950
3367
8785
2611
4341
6646
81
701
287
6244
94
2047
4875
7345
4263
2088
8435
893
1232
6364
6995
7154
1345
3064
1058
8378
134
1672
7798
600
8106
4167
7282
3765
7236
6257
7747
4074
2516
7032
688
125
6279
4186
1007
4338
4981
6459
8861
6183
8476
4900
4061
7012
6477
8024
7226
5981
29
303
1416
2469
6350
5441
7668
6033
6979
4784
5979
7070
3739
3402
640
6535
1852
458
1423
8671
8625
7050
4031
704
6022
5767
4181
3798
3104
385
4243
8924
3681
78
7695
8600
3121
3170
304
4780
4009
7916
2363
3540
1681
2016
6419
3464
634
1589
4159
1141
8781
8738
2262
4004
5657
1154
709
4062
8372
8672
2945
4514
8633
897
5400
8445
1848
3109
7314
1573
6947
7633
157
5554
7564
3053
550
8033
2012
4653
35
7319
8174
8134
8525
254
1042
3718
523
2567
2078
2720
2641
1380
1887
2987
511
7992
981
2583
2950
7534
8228
5579
7678
5939
5151
405
8451
8201
6911
1079
6342
968
1577
1210
6808
2571
5013
5002
4305
4813
4546
7998
2054
6934
6727
6714
4048
6438
4677
203
865
7252
3737
8734
2634
7819
8949
5901
1136
8082
3206
7319
8262
8902
1952
819
1811
4231
3773
5049
6147
1500
8605
4661
1708
659
7654
8857
4183
913
8677
4637
1926
418
4253
6582
1261
3710
7476
8376
7737
6369
2102
7537
3885
3269
3936
4268
875
2621
8518
6343
8215
832
3889
6329
3055
3288
7544
3803
6759
5503
1615
5346
5882
8469
7469
726
8322
2129
5463
1531
8504
6305
10
473
5687
6927
4846
8386
7059
1666
5950
2199
6535
598
5059
895
8564
449
5816
8734
6565
3019
8761
7477
8495
2273
4692
6468
6799
1126
370
633
8515
6935
4631
4931
1594
8497
2724
8528
3807
4930
8326
4639
7208
1664
824
7514
7438
1906
2419
3732
549
9
5605
3323
5363
6562
3711
1474
6310
4563
3841
5710
1437
8967
5592
6907
6968
5256
568
3762
6356
8376
836
6897
6334
5732
578
2519
945
1862
6452
6522
4843
3413
8345
4231
4497
6299
4290
1541
3115
4899
1688
2831
7059
7204
7698
7748
7902
3407
1884
5605
4133
8681
5436
2882
1949
8965
7670
7569
3842
8673
6568
3372
7323
379
4567
7486
7462
6513
6232
842
6796
2906
6483
2391
5767
1299
273
1788
192
89
5542
2100
6438
1144
1241
1102
3553
5823
7169
668
2828
4753
7938
6158
7088
8504
4717
8291
2461
455
6077
4867
4971
3940
6846
6971
2903
8424
7112
2581
2738
4821
6785
5916
283
43
576
3409
4829
2014
7845
8477
1731
2344
1887
4764
1127
5342
7877
8666
8570
7058
958
6733
7941
4037
6157
846
4359
1094
6347
4989
6207
316
7056
7504
6753
8340
2204
3103
1606
3223
720
4544
7851
3546
8442
3290
4436
2995
2573
1560
89
2958
3847
5884
7014
2849
2980
6700
5585
8898
3455
86
6253
3099
2473
3796
5579
2951
5994
3444
5824
2380
4636
1015
737
8045
4960
6132
3546
2498
6296
6408
8039
1630
1907
340
5866
1645
8487
2546
3539
5096
1176
3213
4806
1551
4919
1317
3773
8089
6414
7340
3630
4123
7231
3976
1472
4491
4444
6333
1231
3271
7698
8966
8607
1687
8831
4400
6885
1148
3482
5884
4584
531
7689
390
3814
626
3141
2718
4236
4678
1923
2035
3726
4903
4580
3431
2100
1648
5627
3755
2541
391
7862
4999
8853
4989
7854
2302
8082
850
1777
6956
6612
4472
1535
7389
7819
4370
5193
7436
883
906
1197
2324
7058
764
6646
7983
4562
842
2761
5920
3617
1972
4482
2775
365
5563
5180
1976
5806
5587
7632
3080
5180
59
6253
6414
2559
1858
7614
5826
6118
7680
4489
4069
1655
1590
1115
4036
244
755
6929
2570
8663
7900
6817
5528
3228
5990
8495
2540
8021
4979
4915
4348
3523
3735
8472
7085
6480
6878
7328
8068
4753
3685
8818
2584
6400
5257
7966
7339
5033
