744
384
2489
1428
1372
2916
2503
3211
2078
1092
1246
430
1542
760
415
10
3393
770
633
1465
1796
2519
735
1386
2823
2078
534
2223
2569
2629
2019
305
2690
588
762
525
2904
838
1309
1929
3131
1102
2941
967
1500
2447
510
2003
181
3245
3294
3253
1296
501
2888
1
1713
2137
1895
403
3493
2984
3407
2295
693
2411
1704
673
1248
720
1731
1451
1374
134
61
2067
3302
955
5
268
128
90
2690
3306
3268
228
1211
2178
778
1390
2260
976
2319
3441
2870
1660
1360
1190
2159
588
2423
2634
2872
779
2515
421
1291
1811
2161
1100
1409
533
2949
76
2485
2075
1278
2034
3331
2068
875
581
2969
1664
1539
2730
3320
1926
1624
1601
498
9
3468
1248
1288
2215
2689
121
839
1623
2520
3165
2353
1975
945
728
1026
2
1249
693
825
3071
2704
3315
2437
1305
3253
2266
32
3180
1813
423
2923
1713
589
1542
1816
147
3485
294
321
1038
898
2908
1026
2889
159
998
2023
1457
1741
1975
3467
2132
1124
651
2706
1676
1274
2169
3122
407
1346
2565
3256
2268
1541
1588
1675
3250
1943
3271
2365
1006
1001
1300
2323
1763
1316
3261
2738
2269
2434
1663
3100
2277
380
1054
1470
2749
812
1026
1007
569
2580
3006
655
950
645
662
1281
1732
466
49
1759
1637
265
101
3065
1037
2484
2757
937
1133
1872
2824
389
1860
1980
128
2330
2759
1429
155
2210
3133
3423
3431
1494
811
223
3089
631
61
3155
3359
1763
732
2336
2726
2246
300
959
1075
254
2851
252
2556
1597
597
519
148
2762
1275
3212
2051
2544
3407
470
2815
339
1610
2613
2951
448
33
3014
3174
632
3494
1087
2833
5
2579
1172
1299
3486
317
3280
2694
201
935
2682
1826
3046
2905
3273
1986
932
2192
2374
2555
2976
604
2061
1333
349
2305
2114
241
1788
1153
1059
993
615
2126
2524
3368
2117
1784
2046
1538
327
2205
72
1039
1438
1117
2512
760
1718
947
11
1254
2238
2881
549
3300
3473
748
2580
3293
1953
1435
455
2754
1650
334
54
306
1543
3212
2105
1875
1566
882
1927
915
1686
1959
809
1133
1951
1116
232
1497
2797
961
1832
474
3281
1787
3103
1749
1144
1561
439
236
2022
1254
3055
199
2332
1905
2189
595
731
263
1509
2497
1678
2814
3337
913
2522
2299
1842
40
2521
1500
1222
2324
2076
2224
3261
2926
2166
611
1299
1035
1386
2898
3247
2680
3364
3294
2170
2541
873
2438
1626
1882
1066
1228
3187
1892
1912
1933
1677
1521
2382
2053
888
363
2322
757
2008
1704
2917
1129
2875
759
934
2382
1097
1756
175
1380
1793
1197
437
1914
3443
2149
797
3319
1322
2566
2160
3465
612
1507
1867
1037
3388
3361
3208
3069
2088
2494
1950
2622
1871
1444
3491
1111
335
2052
2625
3391
568
1023
1606
967
2764
2639
2421
3043
1812
3111
1978
2391
2212
44
2982
508
1880
1616
1501
1205
10
1668
1949
2835
64
3490
2700
2712
826
1051
3213
2563
2349
2175
948
2070
593
3023
2612
1918
13
199
3127
2548
804
2904
1269
989
1147
522
1429
2340
102
2139
2994
1232
781
1962
369
789
1837
178
481
2140
2043
2561
684
90
3389
2314
1476
1382
995
2958
822
891
2218
845
1406
1510
2581
977
3133
1274
2968
2491
3305
2493
2370
478
2407
1242
1094
600
2943
2437
562
1633
729
2551
1933
1315
2751
3369
2075
89
72
1404
2719
1432
427
2093
2098
2275
2881
1471
3171
2375
2825
462
2551
3083
2802
2812
1217
539
428
1387
786
239
2567
482
144
2567
1406
2712
382
3362
2896
2883
1470
211
2433
1811
3282
2150
891
820
1340
996
2176
2886
3256
57
2860
1966
124
1887
985
238
2423
1635
623
525
567
1345
1637
734
2931
370
1142
2793
605
1970
2909
1940
3261
2380
3242
1439
2034
1173
3408
1126
241
1796
1940
384
2789
2553
188
29
2962
614
2569
1678
734
726
492
2142
2426
121
1483
1869
1553
3012
2629
2119
144
1135
2523
1619
2386
1383
1963
1378
1095
2693
2615
1879
1676
1684
1838
486
1110
3494
911
937
121
114
775
2455
2587
1884
1042
1331
334
922
2630
2470
1762
534
1584
3277
1596
2081
299
2753
2572
174
975
1502
3487
1801
1887
183
270
380
2372
1088
575
2260
2146
3126
1442
969
2204
84
3407
1367
579
2027
159
941
2208
2135
71
2652
709
81
1718
2208
2223
2405
2532
432
1810
2725
2028
540
961
2861
3429
172
2964
3455
1443
2709
2184
1839
1449
1232
3486
3411
1683
831
748
592
3053
1195
417
2708
368
3412
2776
2277
2043
1268
917
1400
2592
1122
1576
2139
1786
1051
2091
1757
1955
1393
2946
2172
3119
3304
3126
573
2582
2594
1195
3312
3287
2531
7
1879
494
1360
2205
1380
830
3381
3247
3139
1004
275
441
2667
903
801
2909
3034
2009
3335
2883
1207
2258
1904
158
687
3464
1293
3130
2224
2248
2747
2879
2170
968
3358
879
1932
2051
1441
1703
220
2281
2249
2246
707
3280
197
568
888
1136
1189
3175
1529
538
735
2592
351
278
180
684
2871
934
1168
3257
3476
871
1336
1061
2209
766
2209
1279
3209
2796
2481
962
2693
2456
3224
2850
4
822
3369
2428
2017
2226
2990
2566
1146
2434
3299
1973
3385
1886
1253
593
2139
534
672
2687
2713
3253
3323
973
747
1992
1176
926
2533
1112
789
392
1798
2419
53
2408
2171
555
2661
318
596
2010
2118
1842
2606
1115
1087
3099
597
1460
1152
1566
1966
314
2075
1934
3093
3349
1032
2468
33
2780
1589
2606
2257
1997
1791
1099
747
1573
787
406
440
1197
3381
2131
1879
2506
2778
914
1943
1335
270
697
2647
2433
2508
407
489
2235
2439
1512
1231
803
1907
3076
2142
1905
3253
2152
346
432
1912
3383
912
871
1135
1050
1179
1043
3409
2848
1652
962
2292
369
177
2443
115
2454
3485
746
883
2796
794
502
3416
3478
1373
1668
3025
2023
2051
3103
1237
2077
1818
1061
2094
289
86
1929
1404
567
1862
145
1328
1373
1130
976
419
880
554
1582
1886
2443
1387
3309
3115
268
3038
569
953
3141
2523
2902
1070
2260
983
1305
3022
3260
1885
1261
2128
48
1823
3037
1761
997
352
1524
585
980
1352
1580
870
2386
740
1587
1661
3022
69
2860
2628
3057
2048
1775
3122
3284
2142
1473
637
1001
746
2591
973
2327
2960
1740
1234
2138
1811
3394
3117
3288
3315
1258
2985
399
2239
1073
389
991
2853
2485
561
1596
2084
2088
402
3100
993
3044
1512
1155
3360
2226
1810
1381
1549
2680
601
2039
2685
2867
157
907
114
3434
1806
1574
696
2167
80
1217
3071
2964
3478
3372
422
1950
673
2602
658
2421
631
3439
3268
1627
3284
3472
3089
3316
825
3041
1904
1802
2548
3173
186
1551
728
2466
1285
1176
2326
670
2299
538
2174
3404
1383
3220
787
2085
1994
419
1182
1279
1584
650
1838
2148
1230
1884
738
975
1615
1745
3352
129
1323
1726
1857
479
1656
173
3266
68
393
1225
2793
2810
838
1951
3086
1200
2221
83
1977
1247
3391
2182
2305
2523
2398
3076
1716
1810
1607
273
233
3456
3153
2249
1820
2114
2660
1802
1096
2693
1253
1907
3395
3438
167
227
1687
3420
2447
3474
1696
1782
1965
460
3044
2512
802
744
2706
1180
3402
2465
1212
123
2255
3213
580
1214
1461
586
2093
1354
1346
1543
3399
140
3174
1375
1481
2230
2703
9
3112
416
2262
556
3496
287
3398
2713
2454
2488
122
2339
2805
1600
3131
1411
2051
727
212
914
297
1147
3281
2985
2215
117
3160
2080
2557
2960
3134
1138
931
1422
907
821
376
3335
1057
2333
2115
1379
3259
1268
1303
1728
2063
18
2716
2002
1640
2094
2731
1500
2674
189
1314
1505
1099
2773
514
2223
3196
1895
1882
223
2039
1208
45
2622
2760
1522
2381
1983
1863
1667
1699
2719
167
1482
2519
3263
1393
253
559
2673
1677
575
604
2254
1110
1964
3270
1191
1713
1827
2306
675
1775
1508
2202
3410
191
3335
2516
2084
1504
3317
616
3345
1449
2047
2636
1564
1052
164
354
1150
2893
1380
45
35
38
2603
569
3252
1184
1799
2337
2019
3229
2858
3072
1040
2358
2764
2604
213
3393
594
574
210
1632
2201
526
3263
1823
3038
2428
2671
159
2859
1709
2181
3341
594
1556
3122
2451
3237
1916
3179
339
2662
2359
220
3357
1946
1837
3462
3022
3330
2039
2486
1351
2596
631
1652
3205
1233
3240
415
1359
75
1196
3022
2826
2175
1659
260
776
1874
3016
2753
1708
2428
838
362
1623
1251
3239
2824
1712
2216
2296
692
383
373
2014
1974
859
87
2759
1476
2697
6
1622
2938
3385
1303
2421
1188
564
2863
599
1508
3105
2691
2573
3342
3125
332
2318
2602
1538
1240
3440
2110
619
1603
131
3017
630
1748
804
2776
1729
2468
1744
571
243
2669
1030
697
2458
3419
1563
1585
1113
1572
2565
544
79
678
1359
1832
2764
3004
2008
1606
2285
658
2250
1494
367
2133
808
2041
3274
1063
964
1704
3303
2147
2999
3426
3020
434
1090
2834
3304
290
2486
1440
2477
1564
2528
463
451
1750
3255
3002
2843
1418
51
1328
174
90
3019
2949
997
3104
1667
1182
2549
578
188
964
2544
1284
806
2766
862
871
1531
398
2471
3390
1850
855
2953
1075
3347
2536
2110
775
2230
3364
3177
35
307
2841
2478
496
3265
719
2489
258
2536
296
1051
1141
2118
2698
2524
3228
1361
3377
180
1188
1621
558
1084
3222
2156
261
502
829
912
2145
3486
3327
219
1665
2989
3110
3402
691
3432
3338
2879
288
1657
946
1637
3249
320
1264
63
799
5
2739
2597
1419
1532
2424
1395
2481
1023
2861
343
487
2584
1915
1841
3029
1909
2402
823
653
3173
1831
1531
1937
133
1805
477
728
1937
189
1817
2002
1102
2985
2331
3135
2051
2053
2963
2172
1556
865
2288
2271
2047
2718
2901
69
867
1780
1594
1769
1332
2540
3293
2227
2001
2040
1713
1242
2720
3156
1953
935
179
1320
517
1428
1123
816
1165
302
2250
1699
1295
1356
2272
837
2076
257
1944
3324
3072
2435
1398
3394
2540
262
731
3282
3096
235
1511
3324
3220
2675
83
3075
2456
3477
1971
2950
3229
2575
1685
46
1364
1702
986
1000
114
1060
3209
2034
1370
1689
565
1297
1073
829
1468
15
916
1028
1625
3118
1225
284
2435
214
857
2947
1956
1807
2638
2871
1801
50
1252
2482
2885
2778
430
2172
1149
1895
2006
2900
1695
3029
2795
534
1691
1543
456
576
598
2034
1345
2283
847
1697
2770
2265
1865
1162
3380
3037
1702
1604
2117
2860
1421
1600
1612
571
430
22
1474
850
8
1925
580
2768
1694
878
624
904
2735
284
1131
2236
463
2840
57
3192
2950
548
2305
635
2867
762
640
1559
2087
3474
1417
1251
3133
2366
1020
3050
691
458
3328
1342
667
2169
1159
51
1879
2491
2481
1687
1014
2643
684
1699
2195
896
1482
367
2205
1262
3170
2859
258
1212
2689
2346
978
505
3366
1425
2451
1335
840
1757
2731
435
2455
1877
230
1463
1595
3399
234
2875
3373
1934
3329
2784
3089
3299
196
2422
2057
2712
2606
1921
2495
2469
545
983
1618
1522
447
2593
267
1298
1390
3103
1383
1699
1828
334
3326
3466
1837
2807
1942
3090
530
1522
146
1313
2080
1836
1878
2956
1000
1329
3244
1928
3254
3350
1734
653
1872
1988
2282
1835
223
1207
2807
3076
1694
1718
330
1107
2716
1727
1025
818
2477
294
568
2710
3488
647
2454
2232
1507
3046
291
979
3484
2095
472
1623
304
3007
2285
389
2360
915
623
2581
431
2984
270
245
1534
2491
1796
51
2023
1605
2524
2786
2326
2432
2047
2810
683
3094
1845
1062
12
175
2954
2256
350
571
3307
1136
2219
2741
871
3069
487
355
898
2573
2053
1091
385
2348
2782
2103
2065
217
388
853
2867
165
1076
181
861
881
326
841
2802
730
1994
336
1272
1856
2705
1078
3023
2784
823
1956
1259
1096
2855
1487
3227
2669
41
1292
1248
2499
2470
2068
1836
2550
1255
2653
328
1524
1461
2461
1890
2924
161
2165
1249
1553
613
1311
1307
1707
1141
2119
2769
2900
341
2640
1745
119
1168
3395
197
2380
2294
3367
1076
2404
1311
912
950
2834
2219
395
1373
3187
154
2447
3410
959
989
1063
2947
1142
180
1795
2347
3410
1679
1157
2757
3169
268
1517
2987
660
2986
1460
62
1007
3128
2086
217
1733
2398
3491
1679
2593
3485
598
3426
745
2435
1698
32
2011
1761
2161
2850
2646
133
197
238
1836
1207
2157
1234
1502
1496
2490
769
312
3331
1221
1272
415
2675
2974
1787
2137
1819
853
2018
1233
692
2788
20
2060
2890
2417
701
2368
922
1734
3184
2355
863
1469
2059
2376
469
1157
3019
1754
1994
1743
613
3262
570
1726
647
1908
710
2545
569
2361
3464
2517
508
1041
1538
1518
105
304
2943
3272
2187
3367
680
70
1585
2372
896
1966
2211
2042
1391
3016
3100
3384
1538
3061
1958
2453
852
1462
1152
1843
3251
1293
3336
1305
3209
421
2269
1873
648
1385
3270
2614
2093
1959
1781
3083
84
1811
2220
2923
2998
282
1990
2622
1841
14
1128
2281
317
2303
1898
3133
1544
3169
2564
864
2735
2293
3434
1365
3081
1794
535
787
566
1270
2631
3358
2176
422
2988
3078
1626
955
2723
180
1569
2437
2837
3131
471
1165
1224
1344
3416
504
2329
115
3165
2556
2059
570
149
980
3005
2667
955
1376
3498
35
1473
229
2782
2010
1374
3187
2950
802
527
1250
2997
3067
2616
1064
1937
2716
1231
1846
3269
1789
2974
2516
1853
1894
3273
2422
2932
761
1872
2264
3471
1583
991
1074
3062
431
3173
1379
1648
1812
3362
1321
652
1302
255
803
1126
1973
1305
1239
393
1958
2687
353
979
2491
642
32
768
1450
434
1323
397
1178
417
3268
3336
1018
504
3043
2692
2526
2440
2859
2274
211
1349
511
3003
1759
3169
211
310
1415
2890
3144
2642
439
173
562
537
1556
2804
3373
344
700
957
1232
1632
2158
2449
2435
590
2176
2223
1487
1611
3195
3441
392
3435
2438
1545
2598
986
67
477
2325
2201
2692
2613
2796
1615
150
919
398
1922
988
3125
1376
1150
1903
967
2518
2404
1761
3048
1628
171
2245
655
2329
3398
678
323
2825
1195
1395
3243
1604
2665
1371
3012
1442
170
1157
321
821
852
1776
434
2378
1806
2582
862
421
3059
471
2759
428
518
433
1847
2059
449
1918
3000
186
2371
3330
1081
1312
3122
836
1048
1529
918
3156
3012
2002
913
2971
1972
1492
512
170
2327
3055
1302
1416
3139
1719
1980
3200
2197
2362
2024
2640
175
443
716
901
754
2762
787
975
283
464
2112
1640
1019
2147
1142
1708
926
2704
848
1840
1793
934
2054
3141
2226
2043
1153
2469
14
1393
1814
1942
186
747
2448
2539
2414
1669
2697
1303
3301
2359
974
2211
279
3302
2842
2960
6
973
822
751
2216
147
2842
1207
3158
3413
2093
1545
3497
2705
7
517
435
1138
269
2912
3089
546
1163
3462
2512
1146
1405
2628
2831
2976
2215
3024
394
2464
1374
1816
2985
2897
2292
2024
2096
3326
2361
1151
2491
3053
1456
1118
2227
988
121
1013
2172
2977
3429
1043
1242
1829
2873
1301
1639
768
2129
654
215
3371
1004
3186
3034
1442
640
1937
1655
2713
2659
807
1899
190
1525
2195
2058
2050
1494
2769
3321
3490
1537
3181
620
1156
2742
86
319
2899
3285
471
2124
2083
368
1473
905
527
2171
2202
1429
1838
456
34
3349
296
3309
1165
1631
3450
599
2321
1631
3108
2532
1410
2654
2744
881
1275
84
789
406
2679
2411
681
274
1510
62
1395
2656
747
3432
2409
3332
2595
1317
747
17
400
1887
3294
2419
320
3239
1872
504
1864
280
323
1148
3041
57
977
1061
850
1426
1936
1610
2820
1871
187
676
2239
1821
1410
2084
2127
147
614
2536
2788
443
1765
2196
1078
2971
2369
441
2548
1961
1775
128
1564
1694
2708
46
1116
1674
1892
3025
1224
1686
2407
1791
1252
776
797
258
601
2680
2114
479
2836
188
1187
2925
1056
2274
644
1986
954
130
1895
1778
2018
1891
2446
2024
1276
1027
1685
2517
1693
1618
2679
2612
1509
489
1639
2504
1174
2275
3082
1133
2530
2285
1532
1349
845
1068
2025
2948
1794
3399
2095
872
1917
29
258
1620
2576
652
759
2563
1299
396
2334
2244
2933
2983
487
3348
2276
557
731
1799
1637
3221
3477
414
3290
102
1047
2815
2588
224
2487
1928
1177
2407
1633
989
1635
127
2323
131
823
1250
2121
3086
1042
2503
1324
531
3074
1588
917
2109
1416
3227
1516
1651
2750
679
784
1338
2344
1009
604
12
1001
229
2811
2435
2752
2238
1235
2082
1120
1514
2763
2878
2190
2549
2876
1678
1181
270
2168
2689
373
1448
243
1900
705
2783
2505
1085
782
1621
1000
1474
3013
1164
3047
7
2516
438
1545
106
335
248
1917
126
1590
349
639
1132
2696
2222
1963
3334
482
2464
49
889
208
3314
789
1101
869
389
1033
1172
222
2767
2098
1377
80
3042
3216
2369
1223
630
1351
2871
3202
1294
2495
3000
928
149
2942
1326
1480
678
1454
758
2266
1241
418
865
1903
545
2946
388
1343
370
227
3108
3202
60
3076
2165
876
2386
112
820
598
2426
3333
3496
3211
2114
2015
2789
147
3304
2234
1499
1224
2103
2024
2454
66
3425
1555
896
2125
3333
2640
1321
2351
1490
3089
544
1151
415
3217
490
830
3415
1154
1314
2852
2965
3132
2420
1299
1412
1245
2432
2889
580
2437
20
1480
2360
3448
2558
3363
1669
1842
2371
71
85
2292
2648
3107
1366
3178
924
1142
3337
1029
3164
1900
3226
2374
1683
1424
2379
1196
3189
1637
2525
1595
858
59
47
3154
53
1361
3269
1324
539
2258
1229
3419
1707
485
61
2402
67
74
1022
110
1149
3282
266
1904
1537
2470
748
1189
2606
2877
2536
3082
3149
1736
310
3395
536
2104
2969
3068
2085
2464
3205
2740
411
804
1110
3046
1122
669
3221
2765
1668
3143
2156
1715
2131
2445
3397
1550
1659
1840
3468
1840
1024
2047
545
1873
149
2760
3106
1475
2404
2736
3047
910
738
3408
185
1402
1511
113
3245
1542
3011
2590
936
763
2376
648
2004
1066
900
1771
2822
1435
2031
1744
560
1799
1775
2191
2611
2325
1608
1860
1493
2237
3343
114
1868
925
1106
2024
2151
650
2033
2807
3386
299
1193
717
1530
273
1753
461
176
347
1260
2555
1502
1345
2822
563
44
2553
354
1870
144
61
473
1766
3233
2836
840
1092
2274
1947
1846
2079
2851
3056
525
874
1203
2547
3255
2459
2049
1482
2948
2468
460
2587
3253
1748
925
1312
797
2120
3388
302
1438
1690
3483
3155
1365
955
556
735
2242
769
3458
1870
1137
1569
954
53
856
2847
685
1098
1042
1051
226
121
1326
2177
2207
693
186
172
1744
1421
3441
2712
418
3161
1840
926
291
329
2660
1213
2708
1136
2920
2872
3221
2237
1005
292
3452
395
1447
1647
1768
436
688
2738
525
181
2545
1339
189
1192
1789
1972
579
2643
2085
1961
244
397
766
2420
2899
651
3095
2524
3394
1129
3366
1131
391
2390
1350
2610
421
2786
739
2579
1999
3288
289
809
1783
2657
1748
41
1449
1272
2305
672
299
2471
1103
1034
1169
1599
2513
3037
138
3496
1648
727
3381
2683
581
1870
1587
2033
1187
254
482
2397
2879
3358
1278
3455
337
1143
2100
1306
120
887
84
3035
1859
1013
2977
3107
299
331
597
934
2773
3333
663
2222
3248
2177
2588
92
1032
2304
1332
1998
2106
1654
438
430
3348
3247
933
1579
2577
102
2114
1418
414
1856
1056
3268
760
2154
2522
1247
3274
2671
2363
3458
3460
1577
3409
