1556
1607
1324
4100
1692
4329
3292
2769
320
4065
1898
4499
74
4263
3628
3170
1603
797
464
3080
2841
31
1254
2910
2785
1430
2366
1433
3915
4048
868
3351
279
1923
778
3711
2182
2679
905
304
1002
3094
112
4050
1151
2009
2855
1106
3419
4145
1656
2056
4189
3609
4096
3864
1447
3260
4128
171
1109
3751
1538
2672
4302
3360
2996
1549
530
1742
2669
2543
173
3869
864
1651
1612
2746
965
1805
3970
4116
366
795
342
4071
1235
3762
504
5
1394
1079
3006
667
3071
2321
1297
3994
2875
96
1553
951
3004
2728
753
4186
573
924
4245
2326
1960
2301
2006
2230
3690
683
2928
4471
1843
1302
2360
2111
2715
1587
383
1928
1121
2378
2392
3661
906
448
1178
2013
106
1853
1743
4305
3876
1832
2149
2652
2047
199
649
407
1889
1462
3162
3556
3031
1321
4352
3368
2644
242
599
1565
2805
1186
1092
1917
3198
4247
974
437
538
1191
3301
3386
3672
1672
1833
3853
849
3715
4354
2339
943
1396
2161
64
3389
1151
4486
2945
2456
4353
3132
3926
2047
486
2055
574
678
851
1693
2226
2158
354
1373
2232
1361
3150
1104
3488
860
3444
2097
1702
943
403
3849
2607
2796
252
3084
4323
4104
2079
2455
4096
619
866
3299
1284
807
4292
4154
4041
1140
1689
1234
4118
1108
912
3027
1454
698
3272
3503
104
257
1645
3837
3031
4367
2939
2421
1737
683
2988
1560
4183
4196
230
2735
1087
1676
1880
534
917
638
3798
1252
1005
3272
1617
2674
534
1504
3481
3498
2598
845
1509
458
1133
1623
717
681
2306
2869
2824
1714
2498
4016
3769
483
212
1673
3445
1049
1135
4370
599
3515
742
1241
762
1997
1537
786
916
3344
1370
4145
552
2027
2415
3525
1430
2448
2044
2055
72
3934
85
1842
2805
3283
689
1571
3522
3135
1130
3365
1800
2876
1525
3116
3645
143
3875
992
3549
3336
1593
158
2044
4389
1261
3159
702
3119
1525
936
2102
1515
1034
3589
1388
4031
2667
1141
771
1839
1719
4283
2547
1805
4162
3053
2545
781
2043
1558
3075
2917
3155
3506
1567
2008
3586
4166
2049
4149
3759
929
805
2542
3410
4115
4367
1804
1594
4083
497
949
2090
1128
4375
3408
1517
754
3066
682
1581
124
2143
2638
3105
88
1265
2692
2647
2982
1242
1165
1957
2777
794
3215
668
3138
3713
709
1099
4242
799
3927
2550
2840
4403
1376
3106
2922
3269
1407
3934
2
2257
2140
569
2909
3496
4400
1703
763
1622
2917
58
4212
2275
3337
653
407
2812
2373
2388
3430
1273
1591
2783
1351
3020
1321
3262
1106
3157
3044
1254
1648
3441
4224
4388
256
1894
3741
2823
1832
3181
308
1456
4195
759
2534
2424
830
3010
1078
346
481
3547
3149
1178
2945
174
1459
1115
1412
2698
4364
3640
921
3747
3831
335
597
778
162
4430
515
2483
4138
822
4205
2046
3419
3106
959
1392
1652
890
534
1810
2574
2903
1933
1432
3078
686
1216
2664
2517
2732
2331
1522
3479
4172
2925
1012
2460
1773
3471
2615
2488
784
1819
2177
3
2530
4238
1646
4269
4242
1622
377
1542
3905
2009
2319
1542
1643
3172
1948
3096
3479
3048
2023
3562
3881
1335
3629
3
911
1491
2478
2676
3910
928
2511
4004
50
2787
2263
4074
2860
1503
605
1609
2457
1891
3068
4156
1927
2191
3529
904
721
3833
322
1367
700
2684
4
2715
4125
2484
880
3996
2540
3652
2208
31
2122
1434
3393
592
4050
4297
2136
2134
2234
3245
2180
783
1376
2802
4199
1263
1985
3695
3227
3066
2599
387
1261
3163
363
3067
1657
1279
1109
1692
1484
83
2207
1150
2946
3958
1838
2610
4200
2370
4033
1669
3730
495
1596
2091
2475
3805
916
1604
2089
1028
1152
2853
4177
4223
440
2010
525
1829
307
723
3452
2025
2396
4349
491
112
2390
3173
4036
833
2261
2088
2409
2976
3653
374
2708
2744
2745
485
4218
2203
905
4297
291
3793
2632
3130
1807
4098
2885
290
1847
1069
1818
2341
1527
3346
1340
3851
3317
3078
235
3714
3756
3398
1221
990
3498
1218
3305
2630
4048
1729
901
2247
2795
2723
4076
1531
2860
3226
1675
3572
433
782
3989
2140
3864
52
2743
2534
2421
2134
4046
3315
2016
1405
4106
1327
45
1632
3399
2626
1548
3101
119
4284
1725
510
1060
1901
704
1214
2501
909
3463
3517
2864
4440
1856
198
3706
546
1130
428
827
355
2981
162
578
3385
4154
4249
28
2159
1141
1027
4309
3911
3650
4149
3363
2164
3667
1328
1499
2518
2087
4342
3712
2426
3712
3041
3715
1921
4376
1206
3733
2698
2594
232
115
2609
84
2410
511
876
161
2391
3258
3108
1513
653
158
1516
3828
274
242
238
2236
2764
2312
2426
2068
2267
1325
870
1577
3310
4289
3756
1545
4446
4363
3147
4351
579
241
1980
170
97
1869
1092
2234
178
584
2132
272
855
1748
2826
1311
496
1349
3980
255
1730
1260
1090
2667
1456
3894
2536
3688
662
2917
2898
764
419
1594
1837
3577
377
3680
1179
353
4163
2053
1114
4047
1751
3266
2649
818
1918
2870
2556
2159
2053
415
3687
4013
2057
1137
1764
4388
3672
552
490
3221
4407
2561
3557
1098
1924
1066
2911
691
3585
675
3636
2081
2234
644
851
2736
321
2475
1438
3502
2328
3320
2329
2567
2441
3474
1250
3724
4074
1790
3024
901
1766
3246
3489
2472
1745
1263
2498
4255
3868
1143
1452
750
405
1654
1237
525
3114
854
3650
2837
1004
614
203
3434
2032
8
1895
878
1177
694
2003
3941
794
4046
894
328
2344
1651
2864
1349
2611
2832
392
2717
4254
77
2271
1805
4156
3024
2719
3908
2339
1873
2185
2085
1813
4159
3884
4120
302
4231
2703
3279
357
1061
4074
2447
105
3222
3156
3634
2979
3359
517
2555
2363
827
3331
1185
889
4228
2199
3306
4055
1545
1024
2868
13
3448
1211
3983
2796
3443
301
3722
3023
2822
2790
1930
1724
4015
258
2905
3996
4291
3027
4044
2219
1881
4311
912
3315
4280
4360
4172
1919
546
3311
2108
3607
595
3761
943
1735
4373
2549
2134
181
586
386
964
1733
1108
3631
3250
2409
1498
2910
3568
114
1023
151
2323
3610
628
3572
1962
2803
1468
3674
2476
304
3827
4362
1576
519
977
265
4455
3027
2292
3733
1588
3425
1404
4190
833
315
1204
150
1023
3572
166
3658
1704
1643
617
3905
484
2791
2539
3274
1200
3256
1041
926
1729
1688
3831
1323
1070
2933
2348
97
3205
1126
2607
720
1315
3441
3754
635
1968
3353
2196
788
3273
1970
3190
2240
1594
2607
3583
4298
300
138
948
4052
3019
3007
1815
539
3234
2814
3972
1129
2056
4302
3110
2564
1843
45
96
1217
1756
2230
2215
1450
1101
1095
2176
3821
2935
3983
2512
3763
2033
2755
649
4178
4434
4266
2097
2724
275
655
3553
3116
329
228
855
3018
3273
3521
2693
2063
1143
1006
3869
2655
2509
1797
1899
3032
3992
3108
4354
644
2806
2067
1395
2263
1318
2839
4149
2830
3522
1680
2438
864
2679
2696
3655
743
4166
2573
1265
2627
3080
2936
3600
864
1872
4225
1426
3513
885
1013
2293
1778
1155
705
3447
22
1019
1265
2563
4162
2798
3588
2428
935
947
663
4114
614
121
2098
2197
3995
2345
2654
242
2176
670
3666
3330
312
3498
2837
2729
1388
748
691
2008
3680
2508
4384
139
2679
4091
1700
3038
2770
1078
1907
2020
2228
630
1532
717
3064
1880
3807
4057
195
971
1882
4306
3505
1907
3590
3831
4122
2838
3246
4347
490
3518
3356
533
3018
698
1847
2042
869
1973
4174
69
952
713
4099
208
2891
1850
4276
3339
1762
2008
1298
2638
1611
675
3820
2753
793
92
4317
2459
398
2093
3225
1121
1398
129
4470
1756
1700
135
4415
4446
707
2627
42
1886
2418
3499
2419
1662
504
907
585
2875
2740
323
2245
2668
3252
635
4034
2657
709
3417
1112
4331
3155
1702
2537
3529
1323
4211
885
3233
2495
1615
1942
2961
274
1346
3198
4233
1441
2855
1937
2665
450
4327
2154
3996
2063
1057
2625
109
1871
3057
263
1931
3458
3945
183
3452
1830
3068
2123
2887
2295
2417
1866
98
703
233
1379
2087
1078
4441
1483
375
1182
3978
4296
742
1295
1288
1536
3950
2108
1430
1476
285
794
1072
2810
4086
1465
4119
178
3096
3064
878
1776
3492
3121
2714
4064
958
3195
1539
662
3654
2625
1758
294
1256
1532
1247
3689
1792
2144
4476
1522
3734
1699
3193
2227
4107
2652
1884
3403
2441
4356
2661
2833
1968
695
1974
388
65
3107
3976
1259
549
3997
657
2856
1975
1245
3375
4148
1008
954
1815
3353
4012
1350
2431
505
2114
2702
4102
1215
3328
3139
2566
4436
905
3847
2532
712
2084
1258
2472
1818
385
2203
500
6
1456
2222
4338
1627
1466
1076
3911
758
316
3303
371
4494
1124
45
2367
3220
3771
2384
953
259
333
236
4118
1282
2150
3556
344
471
3586
1119
471
368
2585
279
834
3556
577
2829
67
2051
259
1337
1271
1627
3144
1147
4281
4236
2748
2555
359
2299
848
1873
1946
1716
1429
746
1447
4185
1014
3304
1213
3011
4020
3325
2827
1191
1262
2800
3228
2554
2503
1764
2809
3007
3362
57
881
4350
4321
2177
2683
247
3975
2796
4441
3268
1568
432
409
2868
2060
4260
4400
3545
167
284
1583
225
3520
1098
2110
3509
1589
173
3145
1863
1956
212
603
3578
4088
633
2457
2860
1957
3731
3291
1684
1219
1877
3490
2822
382
4310
2886
1288
3748
3442
4188
246
1308
3068
1989
1754
2218
747
493
4055
1211
3302
362
1273
603
3955
1594
4346
2231
1587
2775
2407
3354
2273
1435
969
4404
3713
3264
3231
4381
4070
73
4298
597
2512
1672
2808
2792
2466
3195
3590
421
3340
3607
29
2108
3456
1952
2820
4009
2008
2487
2037
33
1912
2599
2289
2027
2963
1945
3926
3216
2769
655
4288
3312
1735
3276
476
1925
2735
4230
2937
3090
3650
354
2976
2641
771
57
4412
1598
4418
413
3002
3172
2440
2718
1848
2527
66
3439
2957
1844
1289
1989
3645
2912
4349
2389
3164
2775
3093
4083
308
3910
3835
3195
1525
2421
2825
2261
2135
186
1929
3934
2419
1671
562
1713
4204
1823
960
100
1753
828
1570
1198
4433
4354
2286
723
4474
4368
1653
1496
3478
755
157
1882
2560
787
4185
1018
236
1454
4033
2162
667
282
3436
18
2386
48
4147
2541
1984
3598
1447
517
1547
3549
1486
2322
4484
3170
62
2931
3432
748
2475
4326
33
1133
3656
2318
1925
3762
1622
2840
2153
985
2453
4364
77
4165
4024
1866
1324
2689
2096
4483
928
4442
2084
2609
3628
3631
2748
2024
2598
775
1584
3845
2680
3730
853
2848
1550
2349
1123
665
1647
3624
4166
2220
3682
4002
2303
1635
2680
741
4189
2370
1167
344
3778
973
3317
4294
3156
781
2647
3896
2898
260
573
3406
3460
41
257
2780
3874
385
4092
4124
3206
1292
3604
2429
3728
435
416
3773
2827
3321
1261
1888
4334
3006
3783
4258
1185
1580
296
2804
1255
734
773
2652
1230
2948
2776
1842
4309
3340
4049
4279
4137
347
3237
1199
23
2627
3348
2899
1886
4049
610
4366
1042
2076
991
573
1532
3564
3817
4199
1952
3230
3927
2306
1218
3993
2767
1024
634
3522
4172
2982
120
2065
3535
191
1927
83
40
2442
661
504
2386
1929
396
2962
4055
934
1400
3733
901
92
2494
3391
3915
3695
393
4240
384
4373
1271
3722
2595
613
4486
638
2486
4450
4150
3007
3765
2590
1000
2516
3072
489
817
750
1441
3241
4390
3232
977
1471
2559
2058
2829
3451
1738
4022
2029
4470
3829
3869
12
1273
740
1055
4428
951
1574
454
2965
2527
1288
1085
1521
184
273
4414
4052
1833
2573
1640
285
633
3548
1247
2129
3754
1601
3950
2842
3078
552
3375
25
1716
3969
3095
1898
2195
69
1173
386
985
584
49
2108
3259
2876
55
2415
28
2485
4149
3664
3282
2729
3158
3855
2536
703
4104
2197
1374
3396
2136
333
3003
3366
2699
439
233
2569
700
55
3760
3652
4122
2738
1600
366
656
3153
629
511
2448
879
3593
3425
2666
4424
1765
3055
104
3247
4482
573
4156
3924
1979
4494
4377
1093
1819
2743
979
4320
1924
3589
87
4483
1047
3903
271
1239
888
1386
2100
173
1511
1810
324
1386
3893
1746
1451
3147
1661
479
246
1527
1222
2977
1499
2573
2041
3692
182
1613
3853
1598
252
3146
1535
2319
2562
1906
905
3038
613
3659
1135
2975
104
2571
976
2931
2008
1979
783
998
463
256
1741
1548
2024
3467
3096
2930
1700
3451
2211
924
3350
3000
2385
586
1682
4283
3512
3900
3263
1029
3954
3015
650
278
3310
4134
1087
1300
73
929
1675
3417
1969
330
2001
30
3820
2946
3394
3604
842
3262
1556
2649
724
1151
190
781
2449
3555
3367
2507
4075
396
2774
2115
1703
960
4457
1030
4079
4034
365
2609
4108
3759
3181
3079
2076
4447
456
2382
1766
3145
774
417
1041
120
4180
1759
3580
2564
2435
4364
1875
64
4107
2539
3947
3168
521
2080
2852
1127
1459
2784
1640
3908
3024
429
992
2147
2938
3116
991
692
745
1251
3835
135
1182
1291
4493
2510
858
549
3481
3960
3386
2032
4131
1347
4035
3371
1176
3570
379
1906
119
37
490
657
1313
2161
192
1498
2929
3595
2451
3967
4083
2921
2373
1813
2900
2042
2533
3653
1358
2220
875
1936
4445
2228
4051
1674
3596
1065
1354
911
79
2492
960
4391
247
4353
65
848
3665
1415
2614
1399
821
1047
581
3171
217
3727
4054
550
557
3180
2086
62
3446
1911
322
1459
1584
1297
1824
3475
1039
3212
144
4255
2373
1518
2826
2766
493
3755
2778
845
2779
1751
1866
543
2184
493
2340
3125
2499
1612
3602
3237
3458
2309
1619
1355
1471
1286
3816
1083
3358
3638
2333
1288
252
177
2731
1217
3406
1771
2297
1057
940
2626
3867
1523
629
1201
855
3781
12
2964
461
2544
1910
2293
2142
1481
2910
80
964
4290
498
2356
956
4483
1239
1023
820
440
589
1520
2237
1697
1190
2268
1134
1273
2569
1390
1188
876
1639
648
1317
1200
740
3748
584
619
1152
2999
4394
3956
1934
2810
3271
2591
2559
1234
3264
1610
2080
474
2149
1875
345
892
4197
2780
1542
2957
3266
4383
2616
2460
4022
3814
1869
1309
3355
3130
3914
3143
59
3561
962
3250
2285
3493
3583
1987
240
625
3580
3320
1410
1539
1890
1516
388
3640
2101
4413
1529
1101
1264
1307
4398
1391
4054
1320
2454
2237
595
2635
530
285
4121
147
1798
3745
3700
2886
3944
2817
3534
262
2975
2783
4465
839
4109
957
3219
3018
4033
4115
3603
627
4319
3181
893
1442
1542
3730
344
1873
161
3544
749
818
2971
3982
2965
3179
948
608
1240
3920
4488
1821
2277
804
2778
3796
2550
2701
3031
1981
2976
790
75
1038
876
4494
2377
1166
1569
435
2226
715
4465
2421
871
4005
3971
214
1292
4103
2712
27
1329
1545
4319
2717
2296
2603
3027
2089
1054
634
48
3665
203
2849
925
3821
3450
1036
2756
4131
250
1072
121
272
2902
310
3518
511
4303
207
408
1723
311
1509
1190
3772
223
1764
4307
3407
642
1291
2566
668
4014
586
1042
3410
1861
3366
2984
2147
3517
2829
4241
3017
288
1673
1389
537
526
675
4142
1498
3236
2922
2339
1554
3135
3582
3172
1498
1928
1976
3295
1208
3767
1346
2889
3978
3170
3985
2175
1672
354
2125
477
1983
4066
3513
1320
1546
765
2810
1640
1335
2947
2739
521
4391
2143
4025
2075
1382
2251
2021
4158
3323
3645
1219
1568
1308
2182
404
2161
3526
15
820
1001
1879
3427
958
204
2056
3032
4427
1520
1095
853
98
3249
176
277
4233
2817
52
2039
2657
4256
3922
2581
439
1557
3760
2152
3464
2995
41
3862
391
117
1987
739
654
1261
569
370
263
1157
2652
164
2968
2570
4359
2507
2547
2805
3963
3720
4488
204
4416
4183
4241
3622
3275
3076
1785
1393
3953
1416
1772
2197
2703
3863
4303
1946
2403
1232
3819
1226
3234
1007
577
4153
4484
1005
1241
3178
160
491
3184
123
1435
2163
3593
3442
1008
4051
4238
1358
2670
3964
569
1913
3590
3825
217
1587
3675
470
4332
2849
2648
3278
2204
3181
2417
605
2785
4438
166
1783
2955
2560
3102
812
1719
1168
2351
3028
24
3919
2572
4308
393
161
3764
3224
3102
701
1105
3640
772
4289
1858
2
4174
1555
4457
4005
3062
695
2566
2012
2573
2028
1800
1979
3299
4190
1993
2975
1007
839
3983
4238
4087
1653
394
3257
2580
444
405
3774
1957
3813
1124
1709
982
1014
4335
1463
4300
1135
4258
3751
508
250
579
3796
1801
1375
2158
2989
322
1167
3174
2299
1918
293
3843
3898
4163
1427
1259
1407
454
1315
4067
3426
4293
1567
1713
2541
2727
4041
1089
2714
2242
339
1853
55
4414
1987
3680
2956
542
2738
1283
1375
3547
3925
2471
2658
3577
1339
2863
1168
4451
3182
3295
1190
4163
4174
1645
83
3079
3588
2724
2028
2235
71
2363
335
4277
1618
4322
2434
1795
1017
2664
1966
3187
1866
3911
3061
2704
3315
2725
789
3445
1838
3975
3871
3244
2050
3221
2455
2541
4002
1981
3914
3548
1701
205
486
2758
88
3525
3019
2516
4299
1626
735
4167
1194
1386
2383
1244
2468
4376
4326
3274
3275
1451
1608
1695
1636
943
2499
1275
4270
2864
3146
4161
1029
3080
594
3917
2472
3579
3613
3582
753
2821
3599
2057
4498
1141
1801
866
4073
2474
2930
16
1717
2360
473
541
4403
4396
1268
2503
1336
400
2383
4014
4393
2818
4276
1034
3544
263
2622
185
3822
885
2790
1035
1063
1927
1898
2026
2451
885
2055
2298
164
1105
2390
3381
1107
2360
1026
1056
1183
137
3861
3630
3718
107
2991
713
4043
878
1777
1700
2355
3534
1016
708
3527
2769
1527
2416
1822
4203
1651
2007
3216
4350
716
3196
1269
2391
2205
4090
2065
288
4436
4130
1750
1573
3085
3051
305
3703
2871
1724
2059
3852
3316
3993
1915
897
3990
4227
1037
4390
2690
1370
3093
4
2858
62
189
2133
3248
4018
4417
828
605
2010
3541
1939
0
1638
3074
1655
551
3621
3183
3443
2796
3936
4156
778
3821
2672
696
411
3202
4284
3323
1754
1333
1846
4210
2758
3612
2650
3511
3561
1899
3309
1202
2881
777
3168
3726
1113
2965
3386
2559
4367
2606
1906
1912
1638
3379
247
4048
550
1309
1050
2274
245
2303
1022
149
2305
2245
1860
591
2620
1054
512
3798
1854
612
3872
1713
4057
1097
3412
3334
3495
2971
1820
3057
4033
2361
675
2161
3191
3937
2841
2706
1712
4134
1419
433
4412
19
4154
1765
1133
739
2722
2012
3867
4252
638
2440
1152
1936
1826
2216
3301
1686
529
2953
4195
202
265
526
1310
944
2591
1279
0
3257
2584
2759
3769
549
4122
3621
2438
221
3424
441
4009
663
2127
3837
657
2404
1882
3202
4415
1217
2157
3586
4489
3410
3944
2399
4075
534
734
913
1352
349
179
3494
1530
4377
3827
4191
214
3392
1518
2140
2454
1319
3081
2337
3437
3035
3270
2464
2715
3858
3448
2998
798
2645
3245
757
3285
3877
757
2308
2712
989
2492
3155
1941
4457
2389
1695
3494
233
4144
1242
3731
273
994
1840
2943
1573
1838
4221
4435
2386
1746
3467
2707
1060
2524
1100
2702
3143
1309
3485
821
3665
3181
242
2131
3590
3165
3281
2904
2722
3633
2459
1076
3144
2704
2374
388
389
1419
90
812
4033
712
1355
2019
1257
2093
1519
1748
3741
3128
3110
354
261
2388
3886
976
4047
1997
2214
2748
453
4286
1818
4081
2494
2409
752
2798
1239
3873
4042
1790
966
296
2332
3979
2495
3919
1763
3197
2987
3003
200
3620
2798
2382
3099
1652
1138
1535
276
1988
3782
238
3547
1138
2009
2548
824
524
851
1448
2398
3569
58
864
2381
3922
3611
1239
803
3543
1969
687
1572
93
599
214
1150
2827
1377
1062
4440
594
2439
1302
3211
1175
1630
3714
531
3339
1129
1891
2041
1721
4438
35
526
2276
55
1052
1420
2603
2182
259
2108
252
2212
417
186
2853
3577
2338
3898
2938
3482
638
3826
2503
1581
3029
2846
933
1394
3731
2408
3274
1919
2893
386
994
1730
1419
1177
4005
3323
4063
4021
1467
2461
3814
433
1078
822
3919
766
1039
3234
4158
3263
3124
2006
995
2711
1846
2053
3511
3494
4143
3964
1346
819
4443
2584
1640
211
3142
2260
2943
2040
4030
2751
2351
2576
1565
1487
3817
245
1181
2292
169
1118
1124
344
3562
528
3153
3291
308
4340
218
440
738
16
3324
2782
3234
3077
1739
2437
2735
3087
3185
445
2962
2749
2028
1798
3865
2837
2057
3502
823
4404
277
4164
3824
2483
738
3798
2830
1793
3234
2518
2910
597
2228
615
918
4336
1967
1422
1784
1576
2957
4499
1611
2088
2629
2297
3897
3399
1190
2174
1030
833
1765
1494
2080
2430
2050
4320
1500
934
1618
1363
1565
626
2151
1535
4360
1012
2269
4498
1544
3469
3078
4282
944
2272
2650
1281
3735
2044
2649
1092
3076
3704
833
1406
222
3551
36
3037
295
94
515
2247
2642
3895
1242
1686
691
2547
1049
530
4473
3328
3211
3033
323
18
4057
1961
3170
702
2221
814
826
330
545
3247
3535
3040
3028
4223
4043
3166
3333
1733
91
243
1332
2317
3116
3064
1046
926
3186
3235
4368
12
2748
641
551
2943
3414
1215
3527
3398
2871
2246
2669
4367
2625
1747
3047
492
1940
2526
473
571
3384
2204
2522
1615
4291
1129
1158
634
4275
3228
3789
4195
1324
3314
2108
1909
2315
4429
2317
3583
1496
277
3489
1856
1682
402
3497
4047
769
2745
3613
2539
2951
1921
2751
3648
172
1422
4315
3829
2636
2918
3699
3807
1383
4060
2108
4052
34
2102
1990
4254
1521
4182
2221
231
673
1207
356
1484
338
1696
3258
838
605
542
516
1025
690
121
4070
2340
2898
544
1878
491
2309
3276
611
2692
4301
2088
2839
829
1293
3306
857
703
4262
1044
3190
1812
2733
4482
3079
971
1435
1556
1515
1136
2377
4319
1000
503
2471
1372
3777
3023
3645
1601
1197
2488
1418
1873
1086
2114
3133
956
1781
78
297
368
1447
4310
2964
1927
1090
3132
16
1429
911
2552
3135
1566
3383
1218
3185
2345
2172
3072
1332
3760
3326
3458
3332
3331
3735
1281
3445
489
256
4330
1014
2135
3910
3238
1256
1744
2858
951
1676
1638
749
2822
390
3918
244
325
2523
106
1379
1293
4001
2809
2409
1116
1143
1240
3165
3420
3816
273
3816
3384
2981
1260
3607
3164
4412
945
3530
105
3407
3427
2207
4348
698
2414
4183
2791
4461
3873
8
2510
2070
1999
1292
2483
1335
1371
392
3509
2843
4411
447
1055
2627
381
2631
2585
1429
2485
4292
4062
829
3584
1501
3749
3996
43
3827
109
3819
2317
1068
603
2684
2234
53
771
972
2275
765
2663
997
1587
3978
2229
639
2389
3173
4052
2839
933
1850
3518
1118
3653
1110
3905
1680
4088
1690
207
2637
154
2069
3165
6
127
2257
3263
2215
1362
1143
3398
4496
3874
2741
1996
281
1456
2362
2650
1889
2312
985
492
2967
4015
2970
2892
950
890
827
33
2472
540
1874
1123
3658
2218
45
4104
2334
3307
1142
571
898
3364
1304
1381
2785
2998
1221
2829
512
803
4094
4337
1823
1344
2682
291
777
2212
2513
874
4346
4487
1044
2225
3309
294
555
1814
275
4054
2679
1341
427
1208
1223
140
2215
35
226
95
2387
454
3143
3645
3994
1109
889
501
2878
3615
3558
3928
4477
1363
1738
492
4126
2043
3936
1157
433
3615
225
3500
581
3187
3658
1329
443
3363
3430
3491
924
1967
513
3512
1960
3279
1915
1151
1569
2267
3556
2545
3224
2876
2952
1046
1546
46
704
701
3852
290
3845
3881
1361
332
2621
3003
3858
2990
1496
4402
3945
357
748
2165
3565
3860
4425
2847
2533
1390
3060
1322
2391
4346
4319
1581
1233
3247
2483
1525
2196
446
3426
3239
1250
2635
2736
4336
4442
1904
3545
3634
3258
2986
1007
1190
1493
877
3951
3503
3807
2431
1098
1422
3050
53
4183
1129
4295
1469
4224
3215
3358
3629
117
2586
650
4350
110
2826
4013
2549
0
1485
801
1570
4320
3817
1921
2159
683
1298
4082
2908
2662
2947
454
521
3054
2261
895
1153
441
2200
1064
1650
1717
3130
4070
4482
2797
4353
3494
1837
1765
827
1087
4014
34
4463
79
4208
2727
2329
3932
3953
3584
2127
1173
2230
1882
3280
1917
3654
4397
1207
4180
1437
2422
2960
3578
3886
1659
4199
4109
1868
885
2026
4131
2462
3068
2331
3333
2262
3635
1691
738
2111
2048
271
2385
24
3847
1569
4119
2097
867
2267
2873
1254
1173
258
2545
4335
4402
4198
3279
3518
3291
3744
663
2777
1072
2819
386
3999
3586
1544
627
2190
4174
1182
1325
2243
1432
3601
203
2049
3508
3411
3459
3121
1705
3843
3464
3000
2248
2199
1618
367
3944
3504
2232
1091
80
3021
1818
2961
352
1020
1613
877
646
478
1037
3327
1709
3770
218
3843
2385
2768
2502
2422
910
2580
3754
2659
4298
2286
680
3420
2835
959
2938
2190
2709
2358
3993
3266
74
4056
4069
1741
3855
2545
3405
3333
3011
3491
3375
1571
2588
1298
2070
1546
2049
2759
1440
2756
4000
2875
683
775
1756
3851
3560
847
3835
746
2056
76
3651
1454
874
1513
759
4268
3513
2399
3461
3352
247
2484
2014
229
1288
2823
1714
247
614
2500
2446
542
3805
241
4080
4102
3327
2360
2730
3624
3593
4466
2892
4213
1510
4054
2524
1619
142
1370
340
3254
294
4310
1975
316
3911
3798
1644
3120
288
2258
3228
314
253
3990
2190
3720
